1.185975980207899960e+00
4.514406105383367285e-01
1.367467375955507825e+00
3.154081441038590672e+00
2.485068536036488140e+00
1.264409108141475446e+00
2.738929065780320471e+00
2.771037572964494711e+00
3.713071064086824080e+00
2.718479736332389152e+00
2.311577856588310720e+00
3.599192473980620921e+00
3.659155459644757524e+00
5.085089042670628778e+00
5.138556262072545566e-01
4.228180287233002765e+00
1.678717909828043808e+00
2.050147130162121911e+00
3.795237845042475744e+00
1.508529220154603223e+00
2.344162715571760369e+00
1.575311763141012289e+00
1.479476508560651382e+00
1.925599352474030690e+00
1.911758622792921747e+00
2.898688187337909561e+00
2.428291300889219073e+00
2.568508175533076976e+00
1.179494688280534831e+00
3.689274336066532545e+00
3.576294876548574031e+00
2.365006299773145582e+00
3.220728882948570959e+00
8.729772259527576184e-01
7.706694270381497791e-01
2.018214015535404027e+00
2.900134219682599657e+00
1.192520720855704930e+00
1.487171444700404965e+00
3.901845176361905754e+00
3.162938629252842304e+00
2.637810870378321848e+00
1.113976527053990973e+00
3.310002182801476511e+00
1.091058065487983786e+00
4.459413250504414172e+00
2.333643968307228977e+00
2.513450589504694133e+00
3.701838743390595265e+00
2.277584284787102398e+00
1.442605208670654005e+00
3.726984855688794340e+00
1.469662689080462270e+00
2.278894659202841844e+00
2.170610480314132840e+00
4.242247151178256459e+00
2.391078136848725499e+00
5.023398351535301565e+00
2.914378489040547748e+00
2.665622086293431003e+00
2.519599321976806916e+00
1.293399211761775636e+00
3.123476015731377231e+00
1.928938293579625318e+00
3.385055549279022191e+00
2.426107024026519898e+00
7.277060745734873493e-01
4.135302372164133544e+00
7.586256325093342356e-01
2.976448898503719853e+00
1.725732289356639804e+00
3.135355405241710525e+00
3.119069117300233618e+00
2.499614777892717132e+00
2.345293483123303879e+00
1.524445912512358170e+00
2.053608305662277367e+00
2.401351945792493670e+00
5.221137303548640141e+00
2.903756714338747713e+00
1.399730391912896943e+00
4.729740697207419409e+00
1.683826069541414672e+00
1.803070634214021473e+00
1.196856588270925892e+00
6.869924800269839871e-01
2.536368816249994662e+00
1.225477204382131369e+00
3.013902061734825111e+00
2.185774355822457160e+00
2.876404707004409200e+00
1.285101591974165958e+00
1.958574689198800511e+00
1.308278781761386789e+00
2.567344412883789229e+00
1.993076467219258241e+00
1.348415398216202599e+00
1.974574654071810986e+00
7.521318926760726109e-01
4.724306265379436098e+00
