5.702317362353446217e-01
6.084412358368178619e-01
7.517921084530618803e-01
2.699628946404550311e-02
1.778465876610785534e-01
9.029051186754082081e-02
1.431004107736237874e+00
7.682592682165330367e-02
1.774782791062227361e+00
1.552216468535511318e+00
8.869529118389134492e-01
8.747232503095765388e-01
4.108166639971574385e-01
1.578986437964945866e+00
1.542373979996827016e+00
6.025658847783799121e-01
1.282873215096723474e+00
2.140419922224795712e+00
9.199360370623611560e-01
2.801298207932103601e+00
1.740389328815171721e+00
2.047291501460765772e+00
1.121953938633685866e+00
2.009878293772480617e+00
1.480377682546839546e-01
9.067351014022279054e-01
1.453140155107147891e+00
1.274963605480387674e+00
6.466667312493808994e-01
8.490968417507005483e-01
1.741322773768863907e+00
2.140874751777821494e+00
1.156123669142549604e+00
2.501034866911174270e-01
2.083335733198299344e+00
7.385563009884034136e-01
4.409374591392463127e-01
5.607123211330287127e-01
2.319160328909470603e-01
1.137014405015325524e-01
6.050443243505124746e-01
7.814152726386405234e-01
1.913608974863516554e-01
1.361009072359835814e+00
1.261970935136734973e+00
9.271702749175161351e-01
7.373226572192649597e-02
2.378355065415101999e-01
7.585069769668539852e-01
1.101882569343053120e-01
2.443474287448419435e-01
5.162026181970842398e-01
6.600516973102930063e-01
6.797141940617646982e-01
2.255806152557547906e-01
1.556868760099761051e+00
1.095834550431906418e-01
1.607284427846422226e+00
1.745668309849220279e+00
2.138530899566766230e+00
1.118510436288063570e+00
1.759796640485732588e+00
6.552938349618390168e-01
5.425877291094789445e-01
5.277943327223793002e-01
8.272719755090782723e-01
1.099303602446034756e+00
1.618658767719774794e+00
3.828606124124117605e-01
1.641689361834686833e+00
1.012232045939565950e+00
4.622178627073294382e-02
6.461391373567085261e-02
1.041048332123889475e+00
7.991973348496090868e-01
8.065977061806497428e-01
2.238682788426577197e+00
6.733866441220971444e-01
3.636882932347599434e-02
1.021405686608719110e+00
1.120132396281908749e-01
1.970048922906686650e+00
8.049999541974746098e-01
2.439712139455060269e-01
1.585320305447073322e-02
1.577927459848638414e-01
2.617346272316180222e+00
1.200008518960501647e+00
3.518680443741750152e-01
2.838727575809165682e+00
1.819527170990579812e+00
1.237200653455422517e+00
7.231185609293646621e-01
6.172368471809015766e-02
4.285218317582316638e-01
1.346044768279012871e+00
2.897924417073467485e-01
8.270908039862845396e-01
1.605164215588913978e-01
1.708095086998089096e+00
5.899782633587858927e-01
3.305565903112570592e-01
2.831180772398241841e-01
8.770665563671484755e-01
1.229489623309327762e+00
1.139493641273461311e+00
2.274006789921604599e-01
1.621351446597875778e+00
7.858019119877919234e-01
6.367886674208771414e-01
2.119646334550922440e+00
9.390468181863049768e-01
7.723407652037975746e-01
7.778576058830053430e-01
1.343928570524093757e+00
1.419748937325624016e+00
8.600370448867972195e-01
9.417966110112790945e-01
1.822974578554578673e-01
1.940143324073588804e-01
1.404866506075301280e-01
4.565823583666023255e-02
1.063348946638776438e+00
1.075161904721980421e-01
2.518724497966444709e-01
1.020787144787846934e+00
1.244749361336582316e+00
5.080296016324619135e-01
9.866860594245993044e-01
4.764508346064165734e-01
2.737895931024522111e-01
1.101421008621342068e+00
1.473629856363487978e+00
2.181549141040347806e+00
1.658776629240003908e+00
5.433148505276085283e-01
1.682932400081137321e-03
2.299140435300403240e+00
4.997552915428042364e-01
3.565413643145307621e-01
1.508980027688528458e-01
4.619110693758293196e-01
4.532561117068144296e-02
8.247713686604405403e-01
6.475345592975779718e-01
3.908731706905398395e-01
2.297457142963766241e+00
5.632708375841755100e-01
5.608946074045908503e-01
1.027333366303836808e-02
1.778429321188247147e+00
1.474970668114078176e+00
1.360151527702450902e-01
2.081003843305693213e-01
1.992151790225347996e-01
1.375099419090518360e+00
1.284693853060094204e+00
1.538899839123908930e-01
3.901342388378004067e-01
1.216138149702213345e-01
1.118647327168767580e+00
4.986924336768232546e-01
8.407691003894901538e-01
1.091757647957401378e+00
4.720872788071281967e-01
1.497248204956115880e-01
2.405861439686611369e+00
2.904923935984951910e+00
1.760285023273373328e+00
7.841372454851431861e-01
6.230932134421008906e-01
5.611932051076522487e-01
7.624151626074715526e-01
1.441802499215058875e+00
7.985356070067646250e-01
1.548719715529458973e+00
1.533830476197874271e+00
9.248159624022651570e-01
6.605971148779093971e-01
6.520556571217349384e-02
2.207255641872928401e-02
7.418972113742049457e-01
1.738504664131339528e+00
5.075485890311906001e-01
3.019485394198930361e+00
1.210983846316330492e+00
1.107585311361311664e+00
9.138176964183443163e-01
5.533114274778032360e-02
2.262110469834899273e-01
1.254458259473090864e+00
1.974155907713072700e-01
4.281105769160772900e-01
2.552012910150706082e-01
1.533570698585960124e-01
5.833674617356970904e-01
1.010117846553566290e+00
9.903222290734703392e-01
1.642262298812037002e+00
1.174245987033248895e+00
3.601167236045630382e-01
6.601526964187565127e-01
1.557073440061950809e+00
1.082832424414541528e+00
1.255824657308025394e+00
1.944464241378885294e+00
9.712650963715241392e-01
1.606208343180530740e+00
4.490496164950936731e-01
3.959242432312001236e-01
7.346728556643453700e-01
5.293805454940939473e-03
1.470142595689996279e+00
6.563441568514249980e-01
1.125634428165617429e+00
1.192223536757405666e+00
2.446138090759050407e-02
4.701112373920783571e-02
1.909692443785818150e-01
1.510009467368704561e+00
1.347620103895282306e-01
1.381646901556055074e+00
5.889395812828145393e-01
1.029356228656894690e+00
5.692567392559731987e-01
4.000450997073485282e-01
1.209010070395070802e+00
1.904469866512912501e+00
1.223957101714023832e+00
1.139119964249559969e+00
2.062347330044604354e-01
2.498848646650027039e-01
5.590753303486354353e-01
6.034676619571333056e-01
1.704170380610156244e+00
6.413336918241029361e-01
1.252793678893990847e+00
7.662950133863350999e-01
4.968981161727934470e-01
1.153825294947838476e+00
7.784474778412688867e-01
1.183439699569182046e+00
3.166290248058346024e-01
2.765118939291617561e+00
5.271424532680710762e-01
9.222192492037200040e-01
1.241141815497212919e+00
3.440471177499977440e-01
1.668281573395865358e+00
1.659268053862315850e-03
1.419808723312815379e-01
4.576048812948582123e-01
6.072780264686232499e-02
1.912696510890558033e+00
1.160773862336445639e+00
1.081411030655827776e+00
1.469004224557606264e+00
2.175020089782662147e+00
1.203475526061502876e+00
3.604039957911703285e-01
1.936608732508228736e-01
1.464905978900667760e+00
1.887011551901672135e+00
3.611565120341427848e-01
3.350543292236460857e-01
7.547985937451613392e-01
2.702574255749186638e-01
9.435435336940910522e-01
1.243287617542282231e+00
1.180847025167663239e-01
6.040506417523344718e-01
4.569699924553347614e-01
9.725284882843950041e-02
4.841887559633245575e-01
2.352659928239097531e-01
4.138147603984925205e-01
8.009617791976632040e-01
1.096090046617774760e+00
9.820317959175961509e-01
1.097609378674389013e+00
1.387187760950831183e+00
9.655563880153319456e-01
6.021940652964251628e-01
3.422313087968007483e-01
5.218235959903135823e-01
1.358189552849561998e+00
1.106184138964738661e-01
8.335663224631779666e-01
8.683473672077036964e-02
4.053221894133125502e-01
8.635167139403222558e-01
5.875572097455584730e-01
1.450602508260868895e+00
1.591759638732719973e+00
3.419518377650231367e-01
1.765742013914653810e-02
2.627647235992808028e+00
1.657070387856659277e+00
7.098256236504718597e-01
1.200538012139864108e+00
5.636980925984332869e-01
7.757968048224299640e-01
8.083360491025000094e-01
1.574534358913986631e+00
2.107011304435237875e+00
1.581087022341303161e-01
1.441239909249667717e+00
2.551097622273608145e+00
1.278428493858712267e+00
1.169616762048760972e+00
3.576293714258389489e-01
1.682828202557066444e+00
6.630828068353806781e-01
6.007631484064777094e-01
6.810199767006147598e-02
3.033508057299113547e-01
3.575083886845371595e-01
6.150834269466036730e-01
1.719101755810040322e+00
3.543626256109858597e-01
9.054979846705181190e-01
2.115413194713740452e+00
8.042998318272520653e-02
3.937723383169708380e-01
1.594260124194277317e+00
1.171538628404998672e+00
1.940978142579035559e+00
8.401608832637207369e-01
1.147458811694406444e+00
1.711462599461590184e+00
7.981539287530614590e-01
1.592800372758883531e-01
7.884489072650817665e-01
4.393513354134068738e-01
7.140543974116895232e-01
1.007517739907265453e+00
1.229186941308452852e+00
6.881675709951229347e-01
1.559270984229991663e+00
3.369087529616981991e-01
2.702386289480404713e+00
1.680935778701682981e+00
1.260563409501714194e+00
6.532689853838663518e-01
2.178453008897442533e+00
1.228224655934722964e+00
1.551524393182145412e+00
3.430711121478502434e-01
7.990749378182440132e-01
9.730568783855478854e-01
1.027670976045046869e+00
3.922146610933698874e+00
6.740657434465401332e-01
7.802791193041822559e-01
7.258614718594100790e-01
4.765129210535198334e-01
3.725180643263198421e-01
2.505495177788933603e+00
4.657238664429479424e-01
9.053548347595568035e-01
1.858524757251939774e-01
3.961658396012597283e-01
1.313333375977090434e+00
1.481809177130370525e+00
2.068307725022050736e+00
2.571132509352429540e-01
1.881593015565486970e+00
1.635325217293462363e-01
1.075072922123178287e+00
1.015213469649458133e+00
1.139254200063261058e+00
1.757363925956830997e+00
2.387356028476818715e+00
8.479801441939559536e-01
7.665971748944309105e-01
9.276512642458745184e-01
1.456252049784736213e+00
9.986941294475236430e-02
1.417636655127104017e+00
2.164243073769327008e+00
1.543394737992990873e+00
1.169234332694881084e+00
1.701421389538805007e-01
1.319070821775628066e-01
6.013592342230250631e-01
2.183043822344458817e+00
4.910487993875318202e-01
2.055280744354286149e-01
1.131623993206699819e+00
1.781388159856019282e+00
1.597407455093327044e-01
1.793975895924923569e-01
1.769347177001604488e+00
2.303672527934583214e-01
8.104132756804945936e-01
1.190189674487518001e+00
6.868717714267622565e-01
9.330704645763869542e-02
5.107828386435936396e-01
8.655766051357405289e-01
1.064878096052429779e+00
4.168799669361271110e-01
2.740810490953969891e-01
2.131704199607502126e+00
2.596404193648001874e-02
1.236258529630995140e+00
2.263655344218522270e-01
2.339436554452880013e-01
1.048089252205544941e+00
2.817308378082806097e+00
9.915499408055241659e-01
6.111692845089969905e-01
1.598477291367635722e+00
1.689601618194391808e-01
1.160913924583033552e+00
9.787480316124341773e-01
1.179945501913959166e-01
1.095430789316345521e+00
5.414859198075185898e-01
2.470434142761894769e+00
1.699562416204458248e+00
1.270593602128960331e+00
1.248533007870411549e+00
1.334643971759041925e+00
1.690349609631227157e+00
3.048333225101271804e-01
1.968835298474982676e-01
5.200660959574635589e-01
6.195050238887396254e-01
1.750776938378579006e-01
1.686357570153430796e+00
1.637875596288321800e-01
1.132115465081554806e+00
1.518948057848334143e-01
8.548147621090760317e-01
4.548372956585664539e-01
4.837992944831299713e-01
1.345556193250559085e+00
5.084022620506680745e-01
1.019639923005115412e+00
1.931625391166918337e+00
2.743069581756311770e+00
1.231421264716416886e+00
1.725653898136005227e+00
7.422775414874938082e-01
6.877217219596694076e-01
2.752070549552169676e-01
3.302765181535915584e+00
1.106346463634981792e+00
2.106938434182530906e-01
6.472357017312946326e-01
1.662071545218809954e+00
4.222223169146757105e-01
2.133221716075446306e+00
1.183482156524521933e+00
1.694075441883955979e-01
3.303857644326337051e-02
1.119970715382198945e+00
2.244284281282401816e-01
2.553784707734502724e-01
2.105339589187892990e+00
1.619792629859374111e+00
1.031092601436333078e+00
1.995979378956577399e+00
1.856270967982551978e+00
2.560583289348404845e-01
1.388427315203870194e+00
2.965322530478069485e-01
6.102691217449716099e-01
1.313176107586125241e+00
5.918288477343429665e-01
1.111152454530086597e+00
2.066778869936407581e+00
1.357918969563635780e+00
1.866060357011043447e+00
1.250445496244370625e-01
2.757938156158048493e+00
1.749235668753398865e-01
5.951708944228099041e-01
3.126366439562887067e-01
1.269781603792392133e+00
4.997894271997422866e-01
1.096276388688208758e+00
6.791606397550121743e-01
1.573334747600712014e-01
6.004060379997629981e-01
1.118517715451252892e+00
2.820878054977462135e+00
1.594256697129814992e-01
6.931841261198297133e-01
4.905797165215981526e-01
2.636497011232721288e-01
4.117272210319447900e+00
9.288834387884425947e-01
1.073881552604829537e+00
1.202834395235936382e+00
3.246238550656070920e-01
1.399051394742825583e+00
8.733762413380332656e-01
1.245502667998298119e+00
8.540289688434745674e-01
7.275922483720327349e-01
1.419228841043326916e+00
9.277926268842503488e-01
8.089885822847830976e-01
2.027918739998344044e+00
1.025877116534516631e+00
1.815505474527925101e+00
1.773845923841472771e-01
1.679051897829906492e+00
5.067254553173743403e-01
9.853068878979089895e-01
1.498050841654385013e-01
1.156985833083147064e+00
5.389028169020776415e-01
1.130547574501137520e+00
7.101985055728384788e-01
5.607587926375438014e-01
3.463604116572492619e-02
1.950610792942804483e+00
1.013091539367175997e+00
1.333178026674266103e+00
1.285043459420298184e+00
4.465293953123723458e-01
1.009795660455352628e+00
1.567516474644595759e-01
2.102704150546418571e+00
9.040154163019259448e-02
1.607988231227610587e+00
1.809788674355009341e+00
1.555730064692260495e+00
1.117921734730623395e+00
5.044232095384446612e-01
1.509832741610224627e+00
1.323939682186067612e+00
1.130532153252832295e+00
5.686211447767903771e-01
1.513506533708734114e+00
8.804500264711990765e-01
9.989934504013140426e-01
5.562427117716608471e-01
5.724379790993511241e-01
9.253109298591022380e-01
1.018291648049730380e+00
2.656891930668122903e+00
2.086893299701598758e-01
8.282504478866420383e-01
9.313997049983624432e-01
2.959940676954681216e+00
9.072545891767787307e-02
4.048905492189604161e+00
2.268712313431569427e+00
2.639738178068981034e-01
5.910124470787671003e-01
2.252128007596772896e+00
7.991256541829880877e-01
1.319338978289951392e+00
4.604747668502521263e-01
1.257021048993354206e-01
1.822845624246652196e+00
7.968867891706790108e-01
1.384787642145582365e-01
2.978928796711761695e-01
1.264600119081872087e+00
1.011063308652856207e+00
1.016686136436649956e+00
1.088949553321996166e+00
8.233260014351535538e-01
6.710212527615735389e-01
1.791182548040416433e+00
1.915895225104208510e+00
1.697911913614737589e+00
1.337392037649423493e+00
1.882879714679095984e-01
5.978798747796114643e-01
2.072868594439626566e+00
1.009660282472558263e-01
7.050410572794865161e-01
2.977421522496609407e-01
6.557174166376174007e-01
3.157095719225834485e-02
2.978049356997496400e-01
4.552825262188712196e-01
6.730881951257117191e-01
1.389213392430070082e-01
1.872635552082189264e-02
2.288600278461380810e+00
7.363672067788327169e-01
1.459387344510785223e+00
4.842378688692546285e-01
4.093442143293640756e-01
6.504356840990801469e-01
4.002585533887719205e-01
5.466266344876921091e-01
3.174761070360880288e-01
2.724339009408087708e-01
4.834463718693317036e-01
1.005863179768776927e+00
5.771423874421511835e-01
2.683590625526093842e-01
1.117891392624342117e+00
6.203780984395984577e-01
2.402435609596368593e+00
3.904765459880318312e-01
4.028980554217369003e-01
2.130440873977912375e+00
7.814952945730428979e-01
2.564357802763552296e+00
8.989282839361752986e-01
3.707618122983657311e-02
1.035957410610914176e+00
7.498932957736883509e-01
1.221361571782113853e-01
1.680875077462566924e+00
9.774680249932826692e-01
4.192248519246407623e-01
1.337530513224093331e+00
6.063771310245860136e-01
1.545999610002408708e+00
1.298893471822555767e+00
3.026086441642659164e-01
1.539859075898724505e+00
1.023162156117154220e+00
8.083494327648521605e-01
1.006780681028607738e+00
2.242209953509479270e+00
2.663434806186746329e+00
3.142060252470215254e+00
7.805667063462660149e-01
1.546021445485193713e+00
1.948792993075527946e-01
3.848347158337397378e-01
8.222350261908075719e-01
1.752008877106412676e-01
4.774713494178663531e+00
1.086481006523181581e+00
1.323169074433777403e+00
7.482806116292473053e-01
3.121183604164199821e+00
4.452012799838005463e-01
1.813805726557770726e+00
2.925758488097298105e-01
1.434025739717535775e+00
5.577470357153528902e-01
1.646326959735553430e+00
2.331510777568246151e-01
1.029106370415226124e+00
7.743796521237459318e-01
8.827862600835236773e-01
9.062447754518778709e-01
9.200564760744115445e-01
4.604086647741287286e-02
5.324921779265261446e-01
4.962747017104902625e-01
6.448871396485292840e-01
2.091185748873629180e+00
1.474057438910997622e-02
3.018768650022954358e-01
3.199169695394326052e-01
7.725138036340051251e-01
1.290733665964617582e+00
2.633678949661224511e-01
5.361777515500985858e-02
1.057169763947852559e+00
9.767175509712351378e-01
3.449298734466250238e+00
2.206234890344962896e+00
7.980767912457484847e-01
9.176612606612326584e-01
5.570249888361584745e-01
3.982362949528254342e-02
2.143530598660791764e+00
1.044918410425510258e+00
3.886112087258507319e+00
7.800816407920456719e-01
1.527293588649360601e+00
6.681607640743222332e-01
8.716656692724447097e-01
9.855303180074429514e-01
1.687487467951265252e-01
2.322087654201288487e+00
1.560286908671143058e+00
5.125077026635476152e-01
1.597641598514262906e+00
2.554321018694382106e-01
8.444855014910666036e-01
1.500206400626993286e+00
9.490083561003450630e-01
1.913301705939569164e+00
2.173391081803525360e+00
9.248659910018526276e-01
6.827182397669384617e-01
2.461187012547226605e+00
7.290702670124982188e-01
1.688950989669286140e-01
1.018469457702962266e+00
3.270056536875567965e-01
2.419980233807924375e+00
1.777188310306024643e+00
1.175544570160019092e-01
9.765662335022831653e-02
3.798398342217395585e-01
5.164562463160013439e-02
8.207369406735957884e-02
1.206903577946436323e+00
3.734022698267649432e-01
1.759656684201168941e+00
1.314868224101970462e+00
6.044772268026878947e-01
7.086453700573163150e-01
1.027017512133117372e-01
1.067040801731158783e+00
8.702351271019665990e-01
3.908862640463850457e-02
2.277163887462145375e+00
3.065902056516273122e-01
1.660338197034716412e+00
8.332489613086648816e-01
7.275719088459248196e-01
3.404603384347214545e-01
5.522963186363156751e-01
2.490648591040364734e-01
1.165621284625028453e+00
3.034666358221007165e+00
9.505230015829402301e-01
2.079455770252187086e-01
6.547881167101891886e-02
1.095815904115091666e+00
1.984022097889333036e+00
1.099520326501959300e+00
2.237058669648642084e+00
1.924246542180331421e+00
6.387097949701158184e-01
6.493347981892813592e-02
3.297560900190223965e-01
1.591580146220596959e-01
4.086238730643877437e-01
1.924416835368349121e-01
1.903458960561920099e+00
2.112241382917853016e+00
8.709924063093414937e-01
8.936330343021324785e-01
6.954576328634792803e-01
2.345011182877084210e-01
2.396639778784532382e+00
1.576451400942475933e+00
1.000995217332875109e+00
9.294869317055715063e-01
9.518411085016867945e-01
2.823267359756434391e+00
1.287373229668773988e-01
1.135524045259080683e+00
1.276264542387627099e+00
7.742408053344200791e-01
3.008729475486280336e-01
5.909150877715937389e-01
1.412862343266663823e+00
1.500677904581721567e+00
1.958115414193964732e+00
5.766809326561381788e-01
1.044962019715180546e+00
1.452521494217489550e+00
8.191076792871105905e-01
1.070571805182515934e+00
7.736236087219759971e-01
2.542148774513344756e-01
8.794582232987173676e-01
2.778005960533143526e+00
1.026531535724192423e+00
1.106106568681922697e+00
1.750307707614664032e+00
9.882939698410373452e-01
1.137450519625457179e+00
5.550188102459125972e-01
4.597917055462374947e-01
6.241848377564583883e-01
4.064563404988861262e-01
5.564463350941601938e-01
5.127101941303081611e-01
1.352361016962219109e-01
1.523535229656594048e+00
1.885671091525131349e+00
4.935518176597918361e-01
1.344415896679401756e+00
1.581388688340227944e+00
1.188638524413625719e+00
7.549942804125961970e-01
7.811032153533014055e-01
2.259258760345268513e+00
1.261484869200353298e+00
1.630759431652279767e+00
5.424211483243350784e-01
1.226948446333838483e+00
1.677295212821608317e+00
1.223271855627461324e+00
7.170736700032924738e-01
1.980854291411459744e+00
2.219556578971415006e-01
1.387519829261671278e+00
4.773587662650900787e-02
2.391628414634895616e+00
3.625225779467262655e-01
2.331968868095127545e-01
1.949341530594673078e+00
3.020257580656934282e-01
2.194390282826013394e-01
1.020499242326720735e+00
5.818986544489713753e-01
1.781154051324164390e-03
1.336945072862655293e+00
1.201991800909631758e+00
7.692635523941698805e-01
2.406139275008912115e+00
5.876428604889330498e-02
1.244535928167645883e-01
1.120221094043276411e+00
4.486062510032807760e-01
1.879360882139968103e+00
4.414779035244349448e-01
1.430611141430370825e+00
4.217112131651279405e-01
9.938624840724192833e-01
1.090819689344730559e-01
1.657195419009763193e-01
1.542442349157314485e+00
1.072751438081075870e+00
3.192021904753638006e-01
1.785365444626636044e+00
1.343495203610181488e+00
1.583924732792783896e+00
2.196027684008993397e+00
4.655754539363894384e-01
1.370219696544427102e+00
6.403535717234032365e-01
2.466347378703057786e-02
9.514776381953914397e-01
7.521015897250928894e-01
1.244675723098894293e+00
6.709300413344609915e-01
1.031864156511979047e+00
7.921852458316576140e-01
1.010070168159051818e+00
1.275386421115950242e+00
8.764723775681969586e-01
1.459710385787682529e-01
1.737139592514152397e+00
5.335047260338323660e-01
3.386209243524745949e-02
2.285783147806788485e+00
1.246642742052626485e+00
1.278415864787523892e+00
8.799384248113447660e-01
2.725510251655778871e-01
9.182329856975575133e-01
3.608837088635230117e+00
1.372462431003767525e-01
5.665050542695575508e-01
1.088140356122029029e-01
1.370827882792138297e+00
1.907663552549415942e-01
3.603783554612602358e-01
5.338113222183309414e-01
2.185083566162261626e+00
1.560209475591478157e+00
1.220437737825386115e+00
7.366330542025814054e-01
5.216654293904967599e-01
2.250210779220785717e+00
1.292946961893152835e+00
1.993243437192464829e-01
2.557879483966909451e+00
1.762651500089013334e-01
3.901537213871261178e-01
8.489187284739736494e-01
9.965050903987189290e-01
2.669862170414215030e-01
1.692321160838260230e+00
1.170999210646984423e+00
1.687055928986698650e+00
6.525621397004042201e-01
1.070182864508425258e+00
4.581393915532692707e-01
6.068289614399009491e-01
2.791559758343805098e-01
7.719829987412356598e-01
4.113465300169037442e-01
5.269240023740973111e-01
1.673108938863425710e+00
5.095165878934759807e-01
7.822019111604578967e-01
6.221776574401169935e-01
1.004461004628269816e+00
6.202333918183020600e-01
1.126623904618301447e-01
1.737439067523342817e-01
1.725117375014634469e+00
1.487295696885125418e+00
9.014468326405481458e-01
1.993931903834066377e-01
2.937002644171488042e-01
1.157494789464896368e+00
1.219256138462780470e+00
1.691450867994888363e-01
1.314678732887890611e+00
5.957617845794338507e-01
3.185894752775251249e-01
8.601468326743509918e-01
1.319167570805613199e+00
1.884038198973423672e-01
4.553515482681965154e-01
5.426505370439670406e-01
1.588312402535386081e+00
2.110633937782539160e+00
4.134073996724780820e-01
1.971399834314838950e-01
1.942656386817132597e-01
2.167559898518950590e+00
2.081929482877765691e-01
2.453335343211194841e-01
1.618015911326970979e+00
1.493474055580509552e-01
2.311120735861126541e+00
2.056905063975502213e+00
2.152641021720946846e+00
7.162774854387367329e-02
8.572050016559401575e-02
6.373532587159473906e-01
1.634240835769706468e+00
6.277177679372289432e-02
9.797766789001779442e-01
2.730668460485786708e-01
2.789235064804368100e-02
3.323419178565242826e-01
3.895391880441348431e-01
1.786628846458444553e-01
2.506590906281180864e-01
8.997002018015098912e-01
2.383468597897551611e+00
1.769095480733136494e+00
6.040065012600254191e-01
2.903284192101980299e-01
1.286825858182115034e+00
2.791873179820644757e-01
6.389909704013775338e-01
5.351841813419383476e-02
1.455209152605129619e+00
7.888879112771892688e-01
7.556724378111958629e-01
1.138103623010458199e+00
2.350959797684113450e-01
9.998366322913967430e-01
5.374882140624173132e-01
4.081109751199549218e-01
5.819759883766512099e-03
1.206237950721916086e+00
2.105425029406597648e-01
3.603213863837412961e-02
3.224086095497996629e-01
5.224763322981202940e-01
6.211639814122908998e-01
8.537113136340270803e-01
1.458026624147104933e+00
5.129662223458193449e-01
2.202085984080698111e+00
1.120956373171880793e+00
1.046206534514399600e+00
2.090233275919850975e+00
7.470746324499912827e-01
1.231017030255438849e+00
2.239834638159649671e+00
1.754135824221411344e+00
3.524400662392687678e-02
1.626143929299792568e-01
3.497132526256448160e-02
1.711007253242825099e+00
4.118830030060791625e-01
9.451691503520399662e-01
1.246394376637060208e+00
1.342520642625255833e+00
1.386792915781665858e+00
9.678310231202302827e-01
7.168004951782620537e-01
4.714529779151177546e-01
2.529446393770962143e-01
1.143638539620590588e+00
1.581497249210880862e-01
3.845918861075416917e-01
1.870434586138091548e+00
1.841682434846316108e+00
1.645704800509086296e-01
1.257146121125168214e+00
1.422900576563979946e+00
1.099534222854865684e+00
2.831157292904553202e+00
5.542073883057447858e-01
2.539362180155566584e+00
1.439033372438671687e+00
3.471683328684463388e-01
2.129948515540387444e-01
3.402573758480119004e+00
