2.371679473684938699e+00
2.772930146020218700e+00
1.699517198140162222e+00
2.955765820370028329e+00
3.374860572319236862e+00
3.158719340259330988e+00
2.959644391415571008e+00
2.316217458771486548e+00
1.969113312627839951e+00
1.994751429155164457e+00
2.317293309777558541e+00
2.131770606029101067e+00
1.916120310743013366e+00
2.035833484380257019e+00
2.235942831518830332e+00
9.926611061614269982e-01
1.527650021618336851e+00
4.139180329761736665e+00
3.731037369296798634e+00
1.765210405656494119e+00
2.425606888583979881e+00
4.478305385183078080e+00
1.651129080745436184e+00
2.604674683038954885e+00
2.539233586765059503e+00
3.028797448778084878e+00
1.425354344445806332e+00
2.957791829470381550e+00
2.984872618852376647e+00
1.899142047270975464e+00
2.294595503856462493e+00
2.005027104933051252e+00
1.549195402672765454e+00
1.676969021513054603e+00
4.763177645193858112e+00
2.505365585241344117e+00
3.815782325463307423e+00
5.337981628778713628e+00
3.597895222527715653e+00
3.206108088778823806e+00
2.662539268238339751e+00
3.061615301312601733e+00
2.335440763943696929e+00
2.691827906914950663e+00
4.716757780084039453e+00
2.165459189140215734e+00
2.641323239808672341e+00
2.191773596577953231e+00
3.040247065757713418e+00
1.805771586186923239e+00
4.778338178144142745e+00
2.955920019394600029e+00
1.657326232802331933e+00
1.762984653904572152e+00
3.393629545735969977e+00
3.077763794937989683e+00
3.731938056014611149e+00
2.860143587524334396e+00
3.605166977683272211e+00
2.195080127083484989e+00
5.387483564108483947e+00
1.684029226646717170e+00
4.429070566924376173e+00
2.913517813742428686e+00
3.022402326405266404e+00
3.752823711663842321e+00
1.881459008095055729e+00
3.434773457640885486e+00
3.742803922255999893e+00
1.334610303499045969e+00
2.174575254882246345e+00
2.494905669969560869e+00
3.047258373423190392e+00
3.295167189801568419e+00
2.688034846828869284e+00
2.556686394031359555e+00
2.879683058935144313e+00
2.497354866529278183e+00
2.506152758241691814e+00
1.788035616234542768e+00
4.052387571863546256e+00
3.582569928447046692e+00
1.425273429572905926e+00
3.041814926684793807e+00
2.891057173448295714e+00
5.147523007117005278e+00
2.334543049790303026e+00
2.759419113290563885e+00
1.629017656951634141e+00
2.427834172215696196e+00
3.921245611483114235e+00
2.323902234571121106e+00
1.632424000564641098e+00
2.521975592433638891e+00
3.996481463213472196e+00
3.814213462752642059e+00
1.074274235942637379e+00
3.162769985743418388e+00
4.283720441547833602e+00
2.569142692150065521e+00
1.759003122520127915e+00
2.664460886642233461e+00
2.056929927263815294e+00
1.899888205391124130e+00
3.779283274182277275e+00
4.114908173990575513e+00
3.129381675755456005e+00
1.725466459166986155e+00
4.525348050423747992e+00
2.782191563430451264e+00
2.909234849186800531e+00
2.581427969454708204e+00
2.588357631352598887e+00
3.139261595053902898e+00
2.916074628997651352e+00
2.391055147495589672e+00
4.063575428766167619e+00
4.633308678303349026e+00
2.320574595104214932e+00
1.921904510409571998e+00
3.060099277097048542e+00
2.933230844686674388e+00
2.071570518760035284e+00
3.006959992000300730e+00
2.037771869350688547e+00
1.785687081491734052e+00
3.007749744556191818e+00
3.414126298177251329e+00
3.530038793005346065e+00
1.901137465276265370e+00
2.713536255204948677e+00
3.061826032562685818e+00
1.512202488325550487e+00
1.917383308477242920e+00
3.743446204511683639e+00
4.784342366816817460e+00
2.043662174619205185e+00
1.811543544193833899e+00
3.173314070359306349e+00
1.802641673302071812e+00
2.048747013569113484e+00
1.783219201226044159e+00
2.061013084481816193e+00
2.151041812867314551e+00
1.841802110465988740e+00
5.533313854238695484e+00
2.659518043752447269e+00
1.891026683579932754e+00
2.811290463531494588e+00
2.019922031785073457e+00
2.497889649800502099e+00
1.831034716481040547e+00
2.263409387703847919e+00
2.917223459868904190e+00
1.199490549175637355e+00
2.493898603846918860e+00
2.190309727483077840e+00
2.103113549154318029e+00
2.541518700933795838e+00
2.126750864130845908e+00
2.578056818002465000e+00
3.251365678091091560e+00
3.385675502967087525e+00
2.026188664078323765e+00
4.727674848537442465e+00
3.472637219237870276e+00
3.021835313945304691e+00
4.286595207795866003e+00
1.356253663215339689e+00
3.644562676361291054e+00
3.148594167028951674e+00
2.810517796463440021e+00
1.937133995700023759e+00
1.835742934760690614e+00
3.397100768564867757e+00
3.941959778071249421e+00
3.003165842000228736e+00
2.987503629427352259e+00
2.570407611766124312e+00
1.927289737088555555e+00
1.829805491043925869e+00
2.439790179288193972e+00
4.443671533508396720e+00
3.607650469543794536e+00
2.665829825040555434e+00
3.151067387622025873e+00
2.144450683297283167e+00
1.772635160676672372e+00
2.367109862526516562e+00
2.085307982694344808e+00
2.332882539004147660e+00
2.631518119580085635e+00
3.042935627503549068e+00
1.840599810443042106e+00
2.055064499132191358e+00
1.532338446072353699e+00
1.161462122148815279e+00
1.484759979147548536e+00
2.333171903652961010e+00
2.565976720331597516e+00
2.657875186360504571e+00
4.007214128718596946e+00
1.654343012987773864e+00
3.232821104608136764e+00
2.351999369433613207e+00
5.438002332952355466e+00
2.795099311512619700e+00
2.690912932777511646e+00
3.002636356746752000e+00
2.293054547054019565e+00
2.827376468501821005e+00
2.899201789308235355e+00
4.057626929277693861e+00
3.864954223981379222e+00
2.864395922367649838e+00
4.164640586483483453e+00
2.052010328974791076e+00
6.264037444586337600e+00
2.383173858184874483e+00
4.486555513684197471e+00
1.796429937531150767e+00
2.044357000430417681e+00
5.830236462673183517e+00
5.331733310516791668e+00
1.532109172558293153e+00
4.287194611833538005e+00
2.735254465785294631e+00
3.588127057512293661e+00
1.796979396559501119e+00
1.983543176247083206e+00
4.047688010115012780e+00
2.250554850259677941e+00
2.201985222910376017e+00
6.161205426432411869e+00
2.355086884767678690e+00
1.419471642856731997e+00
1.853140916956058426e+00
4.016796466347274830e+00
2.637435787171903190e+00
2.212708495777685691e+00
3.493387506930203834e+00
4.514248986494822091e+00
2.922355442688065352e+00
1.485834729010953037e+00
2.346445690968733011e+00
2.438677515799057005e+00
3.590985462120213079e+00
4.219172895113404209e+00
1.354724345567949184e+00
2.084849302774870239e+00
4.058473714450125058e+00
1.868182490280776431e+00
1.807300497172948717e+00
1.424383511573423799e+00
2.493197691314319009e+00
4.089207266267288254e+00
2.329328171931821512e+00
2.756074294201363628e+00
4.250382672083108382e+00
2.028213020740444072e+00
3.144766653094786868e+00
1.324191997813145782e+00
3.897712232781836761e+00
2.893068049536409614e+00
4.207633525680903652e+00
2.345699459236573858e+00
1.986687679656470085e+00
4.810610823971270378e+00
2.575815423314295582e+00
2.868125881782499498e+00
2.335182864033275685e+00
2.816513442852437876e+00
5.104227284724110802e+00
3.721803428477170161e+00
1.486709880487848690e+00
3.056687690980746996e+00
3.648838986055876532e+00
2.147104347442209793e+00
2.145240020138228232e+00
2.367506301015738224e+00
4.519721855741462235e+00
2.632092730578816209e+00
2.699910063586546727e+00
1.805838646954222471e+00
2.965011140916886667e+00
1.987893520956854232e+00
1.441990524002890961e+00
3.027122988504708623e+00
1.961421488764243382e+00
2.177819309778008083e+00
2.357917662537159842e+00
3.461529589941265250e+00
1.635221901418987711e+00
3.234230745590866096e+00
4.557554749191551124e+00
2.974328203490114841e+00
2.617784892135817110e+00
3.680663528569012577e+00
2.465584031931175701e+00
5.077997775662326241e+00
5.042034360200316812e+00
3.262538162283557419e+00
1.458913406571222149e+00
3.689089470146694527e+00
5.369950512880200755e+00
2.773322328546509397e+00
3.038628433691371811e+00
3.153662885049299813e+00
4.325807703554110262e+00
2.302451189693292211e+00
3.465882217283010824e+00
1.996098910023258233e+00
3.428697652605896984e+00
3.070155151999992338e+00
2.703677942554991276e+00
3.642171196015222101e+00
1.369807954975439834e+00
2.341023580144101945e+00
2.199966218436853360e+00
3.309480546299991222e+00
2.973682756346640588e+00
2.525303129954364678e+00
3.442542103469888648e+00
6.443399802357426154e+00
2.658473135760316630e+00
1.222655977704444563e+00
3.849213107679910539e+00
3.747793043479824338e+00
2.591013814794097314e+00
2.049690359101707937e+00
3.194345685673938284e+00
2.560341242749480717e+00
2.917734012224293405e+00
2.525044233066195076e+00
3.252429838662511674e+00
4.299016269337830209e+00
2.772542944105728324e+00
3.897438836507203685e+00
2.673889925347783247e+00
2.530158530882936851e+00
3.543650802514165754e+00
2.196508692662816120e+00
2.471248758209693808e+00
2.274251053976616976e+00
2.616056603108463996e+00
1.828847142223446465e+00
3.787289121896000310e+00
1.706206602012753759e+00
3.738694967348428655e+00
3.818325059311158398e+00
1.451763617558562647e+00
3.225413697110036892e+00
2.776274058859957705e+00
5.150958520359578685e+00
3.225217859228678208e+00
1.735551616880604442e+00
2.906721753500058902e+00
1.819349061864963257e+00
3.429509458075077788e+00
4.412854128049462865e+00
2.002845722466564116e+00
1.353598202908834480e+00
2.709376739949708401e+00
2.127101776136470335e+00
2.808168775322853250e+00
3.337783631512578619e+00
2.236796439327260355e+00
2.808565866605051919e+00
3.067412752195415315e+00
2.293944335358570008e+00
1.936353338739690066e+00
2.084366433174893896e+00
2.687726055822465820e+00
3.888063945671494270e+00
2.197510667676944252e+00
2.300863078745549739e+00
2.446505847134438749e+00
1.999319976776951169e+00
1.802368928158421646e+00
2.439873641708580454e+00
3.638050405933303644e+00
2.598241418749442921e+00
2.086349824977843159e+00
1.472074049939549933e+00
2.110338030817373589e+00
1.988672261271791530e+00
2.054363743953045773e+00
2.365889551754392084e+00
1.457817414661422895e+00
3.730725012718884237e+00
4.998537803219817555e+00
5.004851850816197434e+00
2.992930367827136173e+00
2.567924420283299369e+00
2.492912104013552010e+00
4.568082073752514738e+00
2.710167733644769594e+00
3.012094986420598808e+00
2.074733148573069119e+00
4.370040354552330086e+00
1.897478381826104954e+00
2.615027288932647132e+00
1.593637128621212096e+00
3.567048483261838765e+00
3.436198485271727776e+00
4.729217862739773182e+00
2.900225772156856952e+00
3.707040492970498757e+00
2.562284900547826538e+00
1.604490177341517443e+00
1.918378239793544271e+00
1.927303651438156518e+00
2.289903753503838679e+00
3.003751331129913549e+00
2.855584137613008444e+00
2.066165249072627219e+00
5.503352809040299221e+00
4.682398451229985881e+00
2.727094690174167724e+00
4.687578846701686786e+00
2.707215054710207180e+00
2.011767561986274711e+00
2.902109164841932376e+00
3.021307645493355842e+00
2.107877856332250666e+00
4.616238450814399208e+00
1.606730969251094931e+00
2.113977881478085852e+00
4.544848310410853465e+00
2.278935294796932354e+00
3.710013690009064113e+00
4.767616877662927521e+00
2.399288851522933808e+00
4.658662096954931719e+00
2.224362791768903058e+00
1.698931775959304336e+00
2.062951859705136837e+00
1.538042736150876832e+00
3.841678803560288014e+00
3.707656928069852587e+00
2.254155007149473811e+00
3.594958588249686393e+00
1.407793149914611686e+00
3.747012574508448601e+00
3.192472674690527867e+00
1.913211304693895443e+00
6.270224508280348275e+00
3.324842277226644605e+00
2.671702578378092330e+00
5.254207972747643396e+00
4.174668623562469705e+00
3.007169389649699376e+00
2.161565183328046924e+00
2.819462953115103865e+00
1.700413674752763171e+00
2.515768820555582153e+00
2.303493166016804317e+00
3.420185305366331363e+00
1.981124465806851864e+00
2.195738315817111097e+00
2.219472858054685638e+00
2.160712782408387156e+00
3.206947484837415097e+00
3.024014709105594889e+00
1.575583922387846503e+00
4.312898823998554398e+00
2.344701679230226432e+00
2.662265516796885834e+00
3.750452617882018558e+00
1.785526218230481632e+00
3.284156007967743207e+00
2.626651362946986978e+00
2.664595502013289874e+00
2.391653298437951491e+00
3.626528310892196849e+00
3.961905307422417533e+00
4.439387809071000390e+00
2.735703979775002459e+00
2.872355666390471018e+00
2.140664719034078178e+00
2.907419099650750738e+00
2.442862181177854808e+00
2.882530495835651685e+00
2.645852295914469021e+00
1.822627009259408126e+00
2.253773987438854487e+00
3.236755963567327310e+00
2.053436336798998063e+00
2.951686743394008161e+00
2.916247943589071134e+00
2.292125369599947060e+00
3.857139949506948717e+00
1.734781926159613130e+00
3.010007526847284787e+00
3.787818914912442381e+00
1.939120839877303659e+00
2.840380230957316066e+00
3.369826180804060378e+00
3.447134761396648095e+00
1.637057091340782033e+00
4.090154304504194371e+00
3.102309406617151488e+00
1.668712036198310100e+00
2.479849684867214688e+00
2.202937830938251906e+00
3.559523646371435923e+00
3.220310871362024319e+00
2.144761291355486321e+00
3.420994239525425584e+00
2.433840615278982433e+00
2.633702994360890504e+00
2.344556150706933906e+00
3.199474738054521872e+00
3.845780271830441688e+00
2.873861524796488709e+00
2.866336940876075712e+00
1.502948147162971981e+00
1.518553741172877558e+00
3.300277617785390305e+00
2.616266890894284991e+00
1.387425444174463340e+00
2.589381286150484129e+00
2.189448145601247120e+00
2.408029963658175454e+00
1.418993478757167415e+00
4.188590072838782596e+00
2.377731727337923928e+00
3.205904563098454396e+00
4.570189285872984009e+00
2.708440125215092031e+00
1.795548516009604301e+00
3.463742053688545042e+00
4.240941327507655068e+00
3.803833658077343305e+00
3.914805855084650066e+00
1.121707046715856526e+00
2.335417772773955569e+00
3.687768196648346652e+00
1.559659494850187400e+00
2.671570441547359565e+00
2.828977759489226695e+00
1.824345073607098744e+00
1.717891995335375510e+00
2.991086999431639804e+00
3.805648963658393225e+00
4.029930233330702549e+00
1.812767272062455692e+00
1.971484297668640640e+00
1.546109520806687510e+00
2.677788028473193638e+00
3.101546327307798556e+00
2.238981976436032806e+00
3.591204948616274706e+00
1.453890310090915294e+00
3.154771541674675106e+00
2.293781951162476851e+00
1.625751852600105130e+00
2.045745091904003221e+00
1.749199349214515919e+00
3.679533236320209788e+00
3.168214125402822212e+00
2.501387116803112320e+00
1.818004188203286908e+00
6.122022258711129261e+00
3.471135089399020490e+00
1.481509430269795313e+00
3.658036539576503543e+00
3.176554723825532278e+00
1.583688341115672138e+00
2.625671547616341250e+00
3.720640966868109967e+00
3.983932580819825375e+00
1.942364059874740922e+00
2.679103972119954769e+00
2.291670152523675341e+00
3.339519755099318754e+00
2.014064002727197433e+00
1.872966064794196805e+00
2.626401984609650242e+00
4.504439607237316068e+00
2.000458195285552243e+00
1.806818298774624187e+00
1.895626900004137916e+00
2.076251326804169572e+00
2.127831685586880184e+00
3.634898391431929721e+00
2.114562277391560663e+00
3.371720709519831161e+00
2.649516666795430631e+00
3.099646778635873900e+00
2.526795360191799844e+00
2.079541221468313772e+00
2.064173270070396082e+00
2.013320399146443229e+00
2.506081707300221950e+00
1.995015908362853807e+00
1.464151903553858602e+00
3.907672159878559537e+00
1.789949661771240708e+00
2.005795624300160007e+00
3.361480295703170640e+00
2.343897962875851615e+00
1.902473633858337010e+00
2.942684069320235629e+00
1.569078610978286825e+00
1.487797325514532476e+00
2.177294334795410791e+00
2.973942643836780420e+00
1.873966557730001092e+00
3.722205079827522134e+00
1.184159222148168933e+00
3.303169558126835881e+00
3.393664719818461073e+00
2.077068494415533095e+00
1.798940680039293749e+00
6.029171769133917280e+00
4.812831597023243368e+00
5.324340105573150517e+00
2.667324326513056842e+00
2.189956508232031585e+00
2.033223256833314618e+00
2.534736316562049119e+00
2.131491040380817381e+00
2.489738418649685592e+00
2.351890295121320307e+00
3.805754120942883567e+00
1.205696597671055859e+00
2.412452439508672164e+00
3.328875851135756569e+00
3.760272597003183392e+00
2.583632134652093626e+00
2.977148767379887317e+00
4.441533829772721376e+00
2.843218442250769584e+00
1.805060349415986032e+00
2.472874293948771118e+00
3.181639488980141817e+00
2.668425881826895107e+00
2.182732716341347690e+00
3.165538266865029815e+00
1.364145354623806705e+00
3.221528776474217537e+00
1.692906793039033353e+00
2.163502201567502503e+00
1.999762976174553675e+00
1.771291260515234445e+00
3.577031876662877252e+00
3.719354952869095676e+00
1.790325029011292202e+00
1.566083011783756085e+00
1.964560608987357959e+00
1.999208935476844085e+00
2.544184631101555016e+00
1.696929504663845290e+00
2.189706750683009240e+00
2.047520121410500327e+00
1.828014361940467403e+00
2.625651487099398107e+00
2.526930703166105907e+00
2.079482983284393072e+00
2.421331952150114208e+00
3.614973692369989777e+00
2.695841853574830971e+00
6.424417539045096603e+00
2.355006603522717512e+00
2.181547821241572205e+00
2.548658258155951817e+00
2.477504499362197521e+00
2.283329368806904291e+00
2.136090051655605837e+00
2.082971075986751242e+00
4.107021370826160478e+00
2.212596105214835962e+00
2.774376380489240290e+00
2.808555811820361292e+00
3.402559393666746423e+00
1.096096717154355638e+00
3.053394948049627633e+00
1.736600827252045232e+00
3.690981720338623262e+00
2.340275057621974852e+00
4.041466256539525403e+00
2.113389426608388355e+00
3.755440051410872560e+00
2.385006243370983547e+00
3.408363916417923800e+00
2.382273975507430031e+00
2.938796887948273540e+00
3.654229262481950791e+00
2.438302622945544673e+00
5.739426065059380022e+00
3.792284027630889121e+00
2.586797834375728300e+00
2.622262520974708355e+00
3.730702038923198849e+00
4.253230466737576876e+00
2.256090365536822517e+00
3.402244270068383702e+00
1.794568590929163765e+00
9.793477015648175410e-01
1.665460821992921225e+00
1.887538554944781399e+00
3.439434331680336854e+00
2.398440591190527549e+00
2.763556691688341616e+00
1.746898471219165305e+00
1.823925676261700879e+00
4.540303119899400386e+00
4.686669745211025528e+00
2.120471742541871318e+00
2.276143407879083203e+00
2.927075572837388950e+00
1.310075299217344336e+00
3.435677639328712729e+00
4.508506465188846235e+00
2.496091612255981307e+00
2.341160377960846972e+00
2.297914985765166840e+00
2.708598285402081363e+00
2.666334474021822665e+00
3.729471082532346937e+00
1.365053449262469298e+00
3.085953811385495626e+00
2.656762675947806240e+00
1.946552150042468288e+00
3.528289850842219799e+00
2.088326621203059563e+00
1.719062288818302697e+00
1.824231724568210256e+00
2.863790855196028495e+00
2.188227261683398872e+00
1.954243481714017294e+00
4.216098065846456855e+00
2.194919195654259081e+00
2.429066415331425866e+00
2.775800851216425613e+00
2.457579527012446974e+00
3.156553570626949856e+00
3.581653164449411175e+00
3.418656248952219201e+00
2.282335389711390938e+00
2.797303226073538873e+00
1.723169097580668163e+00
3.251830437854927425e+00
3.295799234827742286e+00
2.562007356263764635e+00
4.738926015370577005e+00
2.067280128571094888e+00
2.599845245640957092e+00
3.955662004603845983e+00
3.075683733605353076e+00
1.418052797820395172e+00
3.797874818972542421e+00
2.681065267071768510e+00
3.164642115882371876e+00
1.671754698445986786e+00
1.763624184549080098e+00
3.146530745365973658e+00
2.388119088859624650e+00
5.270600133927020536e+00
3.457485120557898028e+00
3.443776726193426008e+00
2.005276663194865971e+00
3.851284720649185367e+00
1.488717558853762446e+00
2.147884944380958228e+00
1.784125580954276646e+00
1.565506989026465456e+00
3.566701858082114818e+00
3.979006399568108865e+00
4.101557054228988086e+00
3.204882899186246803e+00
3.633014359289254092e+00
2.530742081426865298e+00
1.877306307326330526e+00
5.802204121263218717e+00
4.094348072946599970e+00
1.841107007654821492e+00
2.952664372709020046e+00
3.444268942901048902e+00
2.291744028728026628e+00
3.709477383923707627e+00
3.390261337868487157e+00
2.221261567018774308e+00
3.569255667250175623e+00
2.097099329465176076e+00
2.071757485249677178e+00
1.243318974839789259e+00
4.078407845173654067e+00
2.293724869754770523e+00
1.248823090703536032e+00
3.503477589874405496e+00
2.224594704260180578e+00
2.570957737390759057e+00
3.274296352722227965e+00
2.323665371265718260e+00
3.142682086340160108e+00
2.706066904522417715e+00
2.363687410907389097e+00
2.266267463097949797e+00
2.547975314968619287e+00
2.124350511053979318e+00
2.310365235348323498e+00
3.257674604189155776e+00
3.184553397344580539e+00
2.769518251508949813e+00
1.861218424808156691e+00
2.228807476216603245e+00
2.716786652027670446e+00
1.963314896607336602e+00
1.955108095678511848e+00
3.908350701468465971e+00
2.528781681669076242e+00
3.034781226416131794e+00
2.081336511764992903e+00
2.602915398741450392e+00
5.674833329087435985e+00
1.878389148612135129e+00
2.980519650407743359e+00
1.667021311964071995e+00
1.377740647707092148e+00
4.816613483948418484e+00
5.070285257680168911e+00
3.134449062199314184e+00
4.217247592631856890e+00
2.265714192694744611e+00
1.733496566082310508e+00
4.458926639706284334e+00
2.236244983265115671e+00
2.460051066218547966e+00
2.833237161802836468e+00
2.443231671250316595e+00
1.490757798623572272e+00
2.260830332439465185e+00
1.836184579731518607e+00
3.508298733207368514e+00
2.008213459620206365e+00
2.783953794042834939e+00
3.503278495782259583e+00
1.578643677018883862e+00
1.920662382191147488e+00
3.262339155971229587e+00
2.869306549127045969e+00
3.947084568794354986e+00
5.425255375190610962e+00
2.657718732839296827e+00
2.506861894756609921e+00
2.278086787828874193e+00
3.010340261218835245e+00
4.040689289619320945e+00
2.874611039220057673e+00
3.963787400797937899e+00
2.679441106262541616e+00
3.829937338864642271e+00
2.627047215426531412e+00
3.557923193741326706e+00
2.721403018714526389e+00
2.845839631092675681e+00
3.071749325834181477e+00
2.239554698714442793e+00
5.076517188166722150e+00
2.759407280927704598e+00
1.970966654116118821e+00
4.330862009553797520e+00
2.264512926648923674e+00
3.072099065125706296e+00
3.430453758370591189e+00
2.183980022768865492e+00
3.668289089826060501e+00
4.872643829839896412e+00
1.842200416328083845e+00
2.649670316977693840e+00
1.900723295767807297e+00
1.026098287667728925e+00
2.847782022790990020e+00
1.807399654162925806e+00
2.123042927328928631e+00
3.371205394904137620e+00
2.378313972917116992e+00
2.096714906768247566e+00
2.874649475837638413e+00
1.326910121428540368e+00
2.730155614175719059e+00
2.093402034618601082e+00
2.514153619939560436e+00
3.220854717688531377e+00
3.511369246388160725e+00
2.467554444610277287e+00
3.419994468952760602e+00
4.895799266366273272e+00
1.873816284831627765e+00
1.703619477194329379e+00
2.751289271031987838e+00
2.596564972601093757e+00
4.944402876828271509e+00
5.959536761606209154e+00
3.587101683269463770e+00
2.220280208644984654e+00
3.280772203550597510e+00
2.246324301350298480e+00
1.414672011309659139e+00
2.149837132764442771e+00
2.202503738001902800e+00
3.028638140768999953e+00
2.495806721870764022e+00
2.278702342183628105e+00
1.858950908196997709e+00
2.702363458643224803e+00
2.132176315488433005e+00
2.070155175268796555e+00
2.796793370492830277e+00
5.669667460495404043e+00
4.939754609100390326e+00
2.747266123003540894e+00
2.350257904608649362e+00
2.766666484521975278e+00
2.599702291018500588e+00
1.840236347632213443e+00
1.227294453854198109e+00
4.364742749578107706e+00
2.286103036483708717e+00
2.347521784563536773e+00
1.180535514997112401e+00
2.787227354709371774e+00
2.179896825510772906e+00
1.597688665475514913e+00
2.378863101568094329e+00
2.852845789189526471e+00
2.195520381758762518e+00
1.204172847069796326e+00
2.777541626096752481e+00
4.298878626842928874e+00
3.112369962480496355e+00
2.659419809811614854e+00
1.916407369744537181e+00
2.473100158767223000e+00
2.590432796710576913e+00
3.280541356672820541e+00
1.745837056725938252e+00
2.159403478995632675e+00
2.693638314433397518e+00
1.866582135454914582e+00
4.171346917517608333e+00
3.168030941758159358e+00
1.142637712473291822e+00
4.400776756023914160e+00
2.575920935977253023e+00
2.429951469656670859e+00
4.704190188617392465e+00
2.474045542084372329e+00
2.023063109173855789e+00
2.983842460377170269e+00
3.919409621871127403e+00
1.966568709079862032e+00
1.740374143001595542e+00
2.209294282036896817e+00
2.066291709325520642e+00
5.110632865349421294e+00
2.311645442958201624e+00
2.700620309173956457e+00
5.501984071897497941e+00
1.858974920263760655e+00
3.538271946787166833e+00
3.761165665162708560e+00
3.838865436779152152e+00
1.916060134226533318e+00
2.282900602017420955e+00
2.052755722513520897e+00
1.693298393779841593e+00
2.066044223942495872e+00
2.005163176117027657e+00
4.064671078739475085e+00
1.988718150873610924e+00
2.869151121751810862e+00
3.498571727611889060e+00
2.957238721587686747e+00
1.215562879811225017e+00
2.428345670109426813e+00
2.020385480834468339e+00
1.557484873138433423e+00
2.833864325995103961e+00
3.524178727110464315e+00
2.423763834787242555e+00
2.360759271282603322e+00
2.744980467247943423e+00
2.178855242343715748e+00
1.924453416569805730e+00
3.719046838819381584e+00
2.585786112530149783e+00
1.295762582943760899e+00
3.475783642033225540e+00
1.500648860290760167e+00
2.218381078854114730e+00
1.444140451738013198e+00
1.875001000850016641e+00
2.061415997823615953e+00
1.822207801940101790e+00
2.743382207228478364e+00
1.164371246625125034e+00
1.369400874458270412e+00
