1.200158856879240510e+00
9.311120418176954683e-01
1.143076702206611284e+00
1.148764422732487356e+00
1.425222664434694142e+00
3.477291860955004088e-01
3.939448576446885064e-01
1.815892174879714993e+00
7.080620955914554981e-01
2.582911214733794869e-02
5.543159471935595883e-01
1.901240503744499488e+00
1.131866124329228729e+00
4.449659585206403589e-01
6.459223947090477758e-01
1.842499672046590264e+00
1.076085490278514190e+00
3.717566011950966809e-01
1.843099491751096330e+00
3.661467032344339345e-01
4.818317991992430160e-01
3.251669178523530213e-01
4.703857724065765300e-01
4.335065100129483762e-01
8.420446846385719608e-01
9.967740280860747371e-01
1.285099591273000108e+00
3.494205022905619851e-01
4.287346339111138827e-01
1.180858712519747555e-01
2.488262491876263915e+00
9.078527704435672696e-01
6.241620405780040626e-01
5.388039773261946719e-01
1.954156030478825246e-01
2.235805693229480084e-01
6.140641940072118915e-02
7.871719743105676237e-01
1.049702327310259031e-01
9.868240158818371022e-01
8.637834859268590515e-01
6.505571370888625637e-02
1.010407606838564343e+00
1.867638762387065388e+00
5.025734339832916842e-01
1.172074882277267083e+00
5.005351585829463830e-03
2.324648386272498701e+00
5.801912115071441445e-01
5.423672097252765223e-01
6.791794705844944602e-01
1.659692932152791567e+00
9.885405516716504470e-01
1.348767884027506359e-01
5.330467541596141112e-01
1.002160489352541317e+00
6.307487095238577535e-01
1.330047452956462983e+00
4.597751900227127209e-01
3.639808461415001695e-01
1.166621931188328798e+00
1.592718712621361998e+00
1.154089652677404931e+00
3.671374578347439965e-01
2.589772147072408881e-01
1.246750112773130414e+00
2.393415484620903255e-01
2.308904216672243159e-02
8.525832152119491303e-01
1.271017294981265922e+00
5.871303367573739163e-01
8.539986908850010217e-01
1.241739777959488755e+00
2.671413405708533695e-01
4.338078848081542427e-01
5.865230921737700776e-01
7.073712660756191761e-01
7.177033883258733260e-01
2.563855044333180899e-01
4.695877486836602666e-01
1.204347511600097675e+00
8.757876529639003760e-01
1.253865977465743464e-01
1.540222923237148489e+00
4.497386640970834071e-01
2.294824027868472283e-01
1.574946437562259938e+00
1.121911211468010539e+00
1.089540255947645253e+00
3.144056697123629451e-01
2.642432021304179646e+00
2.957368801575790962e-01
5.988141097001474789e-01
7.671033582825308450e-01
9.687217316341334428e-01
1.317829628360160488e+00
5.397597139396130839e-01
6.396325805227559558e-01
2.171042565057378582e+00
1.486232662025504636e+00
3.303326848534863247e-01
5.477735214827874621e-01
1.679884560744623112e+00
5.837470135961142503e-01
2.929717315738401773e+00
1.074477530527583991e+00
8.912929972551317248e-03
8.088202100591235233e-01
7.181302596086626133e-01
4.155403890675024581e-01
5.870085121054124944e-02
2.856243790565304863e-01
3.088013489198582207e-01
1.726882457108392277e+00
1.321079937879785282e+00
5.189705923143708155e-01
6.477706324106052849e-01
7.553482694197913294e-02
6.281270886393549580e-01
1.213692104012613182e+00
3.769971298282105698e-02
3.752787507237635434e-01
1.282904502216187348e+00
1.135637648390958709e+00
1.008470194710099577e+00
5.008268831535386267e-01
9.393973917358882098e-01
1.280718659961021189e+00
1.233954032176082460e+00
2.260974883354058385e+00
5.674954479963181253e-01
6.808964705054916244e-01
1.100419967659983442e-03
1.617454035872002427e+00
4.931932153285705223e-01
2.704011819227781221e-01
3.195409423163920321e-02
1.219702653073191506e-01
7.917927049036938003e-01
2.497816387415548178e-01
1.796187862806690183e-01
1.270856763217027841e-01
1.560256407127437461e-01
4.366835180444866849e-01
7.680859935327956078e-01
2.859732728768950571e-01
1.687475445186049916e-02
3.191170864461981838e-01
2.657408622857969860e+00
1.150178922350957533e+00
1.029511857828636634e-01
1.249947384819777990e-01
4.963190419859270230e-01
2.604017822875664412e-01
3.675782064568940966e-01
6.764648611747248186e-02
1.767690732617684113e-01
1.266725910247689546e+00
1.582061940372530007e-01
1.786846626231163027e-02
8.129950699729684427e-01
9.581236738327735258e-01
4.760533079785322919e-02
1.303786609810176689e+00
7.400137273751923317e-01
7.170517491934180754e-01
5.403931489606417227e-01
1.745353726146915196e+00
9.063997121090321407e-01
8.920951533249504850e-01
1.213337783139839754e+00
1.362992418189716837e+00
8.036907778258244317e-01
9.191742818720243235e-01
1.063763080973269215e+00
9.713309377671011102e-01
5.457980181682484666e-01
1.976360538707901404e-01
1.135598310246454634e+00
7.961959032004318759e-01
8.613160306358214058e-01
6.693918106817298153e-01
8.544497902057458516e-01
7.664779606925973265e-01
9.197464121774441281e-01
5.115315741861466980e-01
5.006557998213485572e-01
8.547379697378685304e-01
1.526303518497067913e+00
9.530201528205040074e-02
6.374947551845064897e-01
4.876609474024613533e-01
7.384201892520737553e-01
3.003437191081287372e-01
4.802513479842601130e-01
5.791236562463982773e-01
1.123206818773808013e+00
1.398670859876678385e+00
3.257749672367208360e-01
1.502694135527143482e+00
2.830824810479110054e-01
8.944150351209757543e-01
2.023772794522974428e-01
1.692986739116014494e+00
2.687326826706536442e-01
1.025705678774311513e+00
3.295194314777990519e-01
1.151216799891739528e+00
1.156601127193463280e-01
1.663959213706801554e-01
4.093813404198943795e-01
1.230337997620778001e+00
1.006552423783173333e+00
5.256876583907916789e-01
1.544356270110917029e+00
1.574358370000524365e+00
4.859591115374998216e-01
5.888907836986472244e-01
9.820994901921179521e-01
2.147504500916390668e-01
1.379429200968413038e+00
1.807446540011720781e+00
6.897775906256979894e-01
2.380887128607556136e-01
2.774724936067776704e-02
1.047398511956490474e-02
4.332359329813630922e-01
3.413036688438478850e-01
4.412771078592777618e-01
1.451146791305047534e+00
9.503915946999379194e-02
1.589942896888026702e+00
7.977189257305193903e-01
4.882041238914909265e-01
1.451360439605035468e+00
2.155827962061022784e+00
9.588779921377625914e-01
1.208010031072641599e+00
8.713988061856623446e-01
1.394767633715171762e+00
1.302171865025802511e+00
7.770413953250793204e-01
8.467179326603450074e-01
5.605725559576113515e-01
9.956826254955331024e-02
5.252665029928794693e-01
1.294141908485738623e+00
7.407782200228847369e-01
9.209490075872820425e-01
2.641963254054899402e+00
1.267931585819439988e+00
2.883587944960571692e-01
8.540735432405802685e-01
2.327583292922890540e-02
3.798678129237831325e-01
1.546874201777851399e-01
8.239402302784177845e-01
4.187512522982199670e-01
1.994965337684274864e+00
7.203701061697505015e-01
3.419881287790881297e-01
5.497657093352692481e-01
1.895434275799262602e+00
5.718689353843535716e-01
4.725811094109588217e-01
6.233584410688347566e-01
9.979221186265787580e-01
1.230033361442576689e+00
4.219948922906007205e-01
2.619412501671622096e+00
7.126014305952412808e-01
3.828788294294342975e-01
6.453033677335763274e-01
1.834003293078578789e+00
1.651359941852739821e+00
1.111288434759081678e+00
2.555345507495856872e+00
1.612183258286909115e+00
2.940259886927924088e-02
1.805064310817689588e+00
1.586512892203355563e+00
1.093373128581838660e+00
9.642633711789148077e-01
1.403619458712942247e+00
1.050818672591637970e+00
4.787404929585087343e-01
5.896334640943160510e-01
2.201688496061601427e-02
8.032938822152406733e-01
1.868554736341844436e+00
7.624104429698882468e-01
2.066860320828331765e-01
6.867090127989435855e-01
1.183101685504713840e-01
1.210198191645581955e+00
9.048419756525043489e-01
1.269068811837572808e+00
5.160655225664210199e-01
5.125173530716056192e-01
2.845977260438338763e-01
8.682224523052145537e-01
9.393063804579248055e-01
1.376713710529962942e+00
2.426629368343161675e-01
1.679376165472188598e+00
1.008517883431196971e+00
1.430730446160765734e-03
6.175803127927066427e-01
6.711532882464148475e-01
7.465563660876679553e-01
1.473233638257187339e+00
1.176701115873030057e-01
8.174417671772900018e-01
2.210167061750336059e-01
1.069517099872573096e-02
5.825941116669219877e-01
9.584134223246923989e-01
6.710794287298283978e-01
2.971427760302634558e-01
6.482218704987425806e-01
4.294685261226611206e-01
7.460780579668837564e-01
1.445321545903896221e-01
1.692601081337246738e+00
1.092570235223035535e+00
4.076281046292056787e-01
1.119743415828547306e+00
1.140729847600967739e+00
7.045759058959911725e-01
3.853236748418277235e-01
1.544008356778734936e-01
3.569851191888606667e-01
7.127382099091086332e-01
3.652467695476614429e-01
4.718972091629494159e-01
9.097599441707514556e-01
2.309150012093309723e+00
4.831788888565098361e-01
2.315298395620270622e+00
2.628087612107940507e-01
1.541495714827786578e+00
4.832427010571237469e-01
3.157697384638019633e-02
1.486665759996435465e+00
1.055612425289396139e+00
7.837554044874948111e-01
2.615289620255648040e-02
1.157583884693633491e+00
6.588835843356473376e-02
7.540028335616008048e-01
3.197613565351204445e-01
4.371321517433328641e-01
2.300586922073882545e-01
2.808720421255836985e-01
2.185228519121699797e+00
5.443386429604745169e-01
1.250333828531314140e+00
1.833412964970485781e+00
5.438676989476534107e-01
1.075778028346752180e+00
5.328002295842758640e-01
1.720294832743346491e-01
1.796699971871914769e+00
1.279918425370249357e+00
1.958427126706580257e+00
8.694486684933832032e-01
4.493860885719896947e-02
8.298936615418603946e-01
1.206326126711500524e-01
4.419115364648171229e-02
9.090852967729068368e-01
1.732732949826467861e+00
5.498081879413228013e-01
2.403808735568883748e+00
7.078106702350488444e-01
1.158475355092050130e+00
1.230919558344254261e+00
3.371115245678005246e-01
1.498190918462110610e-01
1.655005093156254770e+00
1.293189641513622812e+00
2.627730069066006591e-01
8.461374174333533560e-01
7.052604865227820596e-01
5.813137413656861707e-02
8.589132599708182436e-01
7.643464703274334138e-01
3.771402996252683493e-01
5.220895582172209171e-01
4.776594780749131297e-02
8.335603238925550773e-01
5.587658678318556671e-01
9.275669360557342591e-01
4.173074320470603754e-02
4.177939496002520126e-01
6.005825924939764970e-01
1.775857253140644021e+00
3.049093580665470093e-01
4.452030115149241407e-01
7.465136705220232205e-01
1.789188755182946622e+00
2.328325825653866921e-01
3.543639986802447628e-01
1.265093390400533258e+00
1.809343936435944933e+00
6.027884764784909866e-01
1.564392489989762380e-01
6.032726456073804755e-01
1.866800875670238669e-01
8.388854325999877126e-01
3.373398072837469619e-01
1.870608839657637579e-01
3.403519854433987302e-01
1.031680772526528678e+00
1.249837948229926693e-02
5.344756068920515357e-01
1.179056812211942279e-01
3.047206568990501463e-02
5.345863258759677716e-01
1.853000813020449833e+00
2.323483511771221810e+00
6.558477223057816996e-01
2.540569619915623578e-01
7.397812808630770398e-01
1.127166954025578871e+00
1.042511985821320986e+00
1.016834064545756533e+00
9.388309996831836202e-01
6.137862641070294945e-02
1.041014976186273255e+00
4.410819532137709720e-01
4.132522995490114370e-01
9.472185388144139795e-01
2.480066624175478185e-01
2.069591836456439626e+00
1.357601783905703741e+00
7.491699108608600444e-01
1.388781198378604476e+00
1.111380853835457927e+00
1.496570500736946197e-01
1.093671274930455795e+00
1.025508726939922122e-02
1.149255709649149804e+00
1.520123291789075903e+00
1.410591386899609390e+00
3.010657325349004321e-01
4.013160664773564035e-01
4.691484320265541519e-01
1.374199091771602044e+00
8.183859343764302019e-02
5.657874626762025849e-02
2.236162153867122804e+00
2.284099545001938569e-01
7.035717291802645601e-01
6.548470765968266161e-01
4.302664330176179663e-01
1.312331515357627154e+00
6.398214691663250964e-01
5.094434376188183844e-01
1.913389264903675169e-01
4.702863000608819566e-01
2.092934247621085042e+00
4.246183426594541399e-01
1.276832830566436261e+00
2.578448794958661416e+00
1.210949910921246486e+00
1.472692791983946536e+00
2.136323998640898836e-01
5.930284687496709672e-01
1.732649717817146051e+00
2.404670452463996799e+00
1.087091432192123230e-01
2.079738051006366550e+00
5.215551527355564154e-01
1.044676232500130642e+00
5.566486129466747812e-01
4.772378957958163526e-02
1.628503340739955618e+00
7.182721250056711693e-01
2.234367256716698336e+00
2.697938947715242897e+00
6.246704939688066949e-01
4.707795442341190517e-01
3.307078673964028992e-01
5.857872630459945440e-02
1.571668446689194143e+00
1.284604776050099831e-02
7.510143397315548475e-01
3.430710363005474162e-01
1.385975376589060781e+00
4.046774548345489775e-01
9.880193042247222834e-01
4.828263964760776128e-01
2.037543734252916572e+00
1.884949314953309751e-01
2.892922222659114473e-01
1.763829582802496909e-01
1.540434181438901984e+00
4.946295516386781665e-01
5.688470567912969900e-01
3.943107793192699995e-01
3.253247310071344378e-01
9.301975497312582331e-01
1.602460129571734448e+00
7.215152469087481313e-01
5.039231120798413066e-01
1.318559381644910655e-01
1.403279557243784614e+00
7.685382726230203243e-01
4.657088788626860265e-01
6.929281777968930855e-01
1.009996826114817337e+00
9.804893451180298758e-01
1.356686621529549441e+00
2.270046942350801428e-02
1.387230506885280157e+00
2.097760910712938576e-01
2.281826328614536825e-01
8.368764292755753731e-01
9.436208983695086872e-01
3.183666451380539053e-01
4.414453408483509644e-01
1.021088641263089430e-01
6.414786497318658576e-01
7.944156120423635781e-02
5.269880028282769580e-01
2.646557749802746495e-01
9.042385146360142345e-01
1.066550175359239627e-01
1.541458181818599060e+00
1.055552288941259409e+00
9.972577545881073924e-01
1.303541521482410204e+00
1.360487799773640427e+00
8.282000450916198186e-01
2.760510083058967945e-01
6.811138327569741246e-01
1.629163050137242497e+00
1.185147418682291010e+00
1.050050466955115391e+00
1.697253487870479916e+00
9.303436945992347162e-01
9.874793626727877971e-01
2.502766245626484309e-01
9.605385389816563368e-02
3.249788979085016516e-01
2.196167166992095687e+00
1.826111394082868600e+00
6.945427671756474464e-01
7.826307861289693024e-01
1.389747201543617194e+00
9.890234149667846975e-01
1.935216069545858675e-01
8.115578023090731508e-01
1.687511506503101888e+00
3.021052131066596091e-01
1.078430737078394319e+00
6.862338617158637577e-01
8.045763592588208724e-01
1.617643171276880398e+00
1.250450112595045127e+00
5.635522777802560723e-01
3.421727332472453975e-01
8.758490413731272461e-01
3.002225540990027808e-01
6.070033259783104151e-01
6.409330132205507402e-01
3.400855277684353140e-02
1.092184686073564448e+00
3.090761042135919956e-01
1.229170147525895374e+00
1.438359446116872054e+00
1.212984469350385730e+00
8.587415700216882719e-01
1.079331901969324825e+00
1.665835957060537886e+00
7.406593420713665221e-01
1.295314627481392034e-01
6.943251311557120387e-01
2.145892561869231496e-01
1.536361327542017818e+00
1.655015985659871625e+00
1.793170030590265807e+00
1.208414981322667309e-01
8.362606739566956771e-01
1.897761545558250607e+00
2.719154709368194478e-01
1.196491482606164003e-01
1.624196206544414323e-01
9.317110789290956596e-01
1.643626219011322442e+00
9.425373226043312069e-01
7.256451806399367987e-02
1.567562993392010107e+00
4.246077002410075796e-01
1.282815933828491906e+00
4.259734482273337397e-01
2.561549099121823714e-01
9.683762235818372810e-01
4.450078850768250938e-01
8.422916932438517801e-01
1.617979403168071650e-01
1.048797541856661297e+00
4.853427983918622290e-01
3.300064437104691106e-01
2.882044485619094765e+00
1.417570780025455279e-01
2.744290060914419405e-01
5.007941358578524849e-01
1.459382726799666852e+00
4.370417763865273031e-01
1.019058839847155062e-01
1.077363185567430381e+00
7.717490690360448991e-01
9.973028277510332940e-01
1.371406223263303865e-02
8.840911442094616657e-01
7.923269246767100649e-01
3.183845836976499921e-01
1.624194920983750290e-01
3.096504866165554135e-02
6.018840346619228621e-01
1.231015968839746400e+00
1.981748483513124867e-02
4.652554828447307278e-01
2.392985271378612611e-01
1.739242517195558058e-01
3.203043402482137481e-01
1.184414167058953193e+00
2.273665464971417194e-01
1.091818435862719650e+00
1.304776853295373851e+00
1.073139634126652808e+00
6.199972607120958212e-01
1.516184388076288414e+00
6.348266723722344462e-01
4.815525304075970459e-01
1.064104719847921654e+00
2.519439058413983190e+00
3.918142221230843103e-01
2.188779923858155674e-01
8.796437982356448693e-01
5.246167208994714226e-01
1.794597537505213003e+00
8.343265234988036516e-01
3.963560535893976278e-01
4.915099801462676221e-01
8.520471888103553493e-01
5.788105039752547976e-01
1.166143187738889253e+00
5.637351675125653605e-01
1.043441196053778164e+00
2.389980365235667148e-01
1.247030501292712090e+00
1.132918314416207078e-02
1.758762520077665314e+00
1.889206409223448142e-03
3.101111482556170168e-02
1.321349865362455356e+00
2.198509786266541255e+00
7.898899616360506304e-01
1.647937385959093171e-01
1.377184233095436916e+00
1.659553911119509284e-01
1.099643836878538394e+00
9.376772900395269339e-01
6.450601669257672970e-03
6.081356160726917315e-01
6.564065967179633088e-01
9.408642798835574750e-01
1.678228847847138550e-01
5.837519759920165585e-01
2.172738581698347105e+00
4.076774012554951199e-01
5.977885943809992941e-01
6.244059958086092266e-01
4.309184207002789702e-01
7.204524357176339544e-01
8.627677170923764294e-01
1.004121368347498766e+00
9.649608526365057726e-01
2.720050525813193509e-01
4.311102107259285332e-01
7.974863127538642793e-01
4.899187753403689422e-03
1.045862474327435981e-01
7.574850538143221845e-01
6.504112292561037290e-01
1.031494073237566145e+00
1.292367412456996711e-01
1.445231799897893632e+00
2.634548781975118104e+00
4.567317315001708788e-01
2.186114246512306014e+00
3.623969871441966584e-01
7.641068026172859184e-01
3.474857506821319442e-01
9.159453446124656839e-01
7.329292071784161422e-01
1.670328920262001304e+00
8.382125491318096477e-01
1.341381757979172251e+00
1.362694444368623081e+00
2.159397594935347442e+00
9.616113334142426528e-01
6.206721689466800918e-01
2.607256109158235802e-01
1.195639324541186266e+00
2.931819662250682579e-01
8.599849354818329683e-01
7.633180247266206919e-01
1.437246859788551490e+00
1.272567512806740408e-01
1.882771872690180426e-01
9.974218660525392410e-01
4.916581698410184553e-01
7.685459221501911298e-01
8.637751577811669801e-01
1.243730632904421540e+00
1.140203413688635647e+00
4.019584642142135511e-01
1.139689676483414960e-01
1.421519830413423335e+00
8.705683709290454875e-01
1.144343970762104756e-01
1.670284046977629444e+00
1.562513440238576301e+00
1.151420820277322260e-01
6.391893755763951301e-02
1.193497392402395274e+00
2.268228079091531291e-01
1.047842653707524094e-02
1.078347743232770828e+00
1.475181342019467490e+00
8.571790182253684609e-01
6.016983336652617087e-01
1.307346465219847266e-03
7.541761270292076658e-01
1.755310759262230347e+00
1.434510401036098060e+00
1.202871195852067254e+00
5.798742930736957568e-01
1.647257328859310865e+00
6.220559636614042542e-01
3.612328672365076043e-01
5.129924649743458076e-01
1.079688624007810960e+00
1.184344260328523690e+00
1.119767283744945496e+00
6.639320392989530584e-01
2.592180199137347762e-01
1.545942833483752610e+00
6.880224258443536911e-01
1.402116563384496750e+00
5.070150718598420703e-01
7.488059884270851230e-01
1.451594192528164129e+00
1.827290602965543909e-01
1.919116045605367693e-01
3.666284554383123506e-01
4.718924607613363964e-01
3.267250568029093083e-01
6.933490264588972052e-02
4.423411899975099315e-01
1.259542434842613412e+00
1.082928576786833519e+00
6.226103115274937705e-02
2.236271383340917782e-03
4.026686818024700909e-02
1.747959858334451611e-01
1.089839154613400973e+00
1.151678213248298555e+00
4.640607572662173164e-01
9.542145711969532984e-01
1.100561790445713006e+00
2.166165481558881556e-01
9.021753751113120723e-01
3.348897438123518144e-01
1.512936395898868969e-01
1.397526572888392771e+00
4.468877967414642827e-01
8.639372939396361417e-01
6.458851134017755680e-01
1.011516471213226076e+00
1.030504220990323683e+00
9.024156883208474256e-02
1.179814871149779787e+00
1.406519133648406861e+00
6.061741630901356093e-01
3.450053112315667470e-01
3.007862396549666473e-01
8.482570086404354059e-01
4.127470045738037552e-01
3.534685129716971241e-01
8.972408002892190426e-01
4.413456807422024841e-01
1.119881555832012765e+00
1.725135768148995830e+00
5.645694853597473806e-01
1.031882683168540371e+00
2.915584275759227628e-01
1.079672048411214558e+00
1.219236848659221106e+00
4.183521785276505534e-01
2.388727227096049677e-01
8.359444535877473825e-01
1.406824101483633349e+00
1.332517354034046253e+00
4.252018252089277972e-01
4.870132221138802064e-01
1.015210847490417290e-01
3.394883176789632029e-01
2.163282124038617305e+00
3.551856740799179679e-01
8.456030532887701678e-01
3.631362082097737698e-01
1.288332512196180391e+00
5.527636510977390616e-02
6.838020909387168000e-01
3.974494200327631233e-01
1.251118210564077238e+00
1.579195576075679064e+00
7.208582920705801644e-01
9.812278725858582240e-02
1.490753807335556402e+00
2.729141690611885246e-02
5.577662119626715098e-01
1.782437623683815531e+00
2.922030438931511043e-01
5.330442733039093550e-01
5.717224602163108182e-02
9.207204980290055740e-01
1.776588671664582897e-01
1.414354936514979011e+00
7.395699804309153746e-01
1.316819150238678571e+00
1.451052538907043887e+00
1.899168582363995661e+00
7.647036798732292917e-02
4.866766478226718790e-02
1.093009659518678678e+00
1.317951049484169523e+00
4.833105547202348751e-01
1.242222312768657799e+00
4.648639152718094802e-01
3.903929185662363133e-01
1.652037569776538817e-01
4.885880377466137459e-01
2.966959273614208983e-02
2.257954075357187229e-01
7.815425233598269905e-01
5.462199544019805675e-01
1.572128814578081846e+00
3.666464082432381588e-02
1.207026051301221425e+00
8.987831771270207160e-01
1.189833065400132117e+00
7.016311276581623790e-01
3.567092406307199592e-01
1.136880671762160233e+00
6.073326554488132079e-01
3.743209686062370922e-01
2.028919938407298118e-01
4.366249898523819617e-01
9.366656512353224717e-02
1.747842677561112223e+00
7.702998393588763593e-01
7.128791689379492258e-01
2.137989116527116984e-02
8.441377913632336361e-01
3.275201324139652148e-01
3.461403570020260556e-01
1.642114008648880852e-01
4.295819857252296259e-02
3.838121196647356070e-01
2.384873091569124082e-01
1.655422340583379670e+00
8.353810924374078795e-01
3.363451902967999341e-01
2.220183136561956427e+00
1.081915365064478385e+00
2.960788612355207405e-01
7.322603047374101060e-01
1.680406274578360171e-01
6.367165826814878971e-01
8.692629655266010946e-01
1.230041557838395416e+00
9.591142231886445879e-02
3.430141310453790338e-01
1.037847143743500622e+00
6.906823254271620138e-01
1.456432128566780948e+00
8.908936560309439479e-01
9.372802442998531269e-01
9.619193060542485796e-01
1.226202253485254801e+00
1.946843438352801936e+00
1.435225041571172866e-01
3.820320878850949620e-02
3.312222419348503921e-01
2.849258758914238188e-01
8.964680586797200285e-03
1.201302592268943537e-01
1.179944514135025546e+00
2.932823404742517237e-01
1.126284943987454268e+00
1.285961002539345088e+00
2.695805810453104079e-01
5.707275222807339787e-01
7.052661750125137630e-01
5.803602198747532803e-01
3.092362028846853406e-01
1.561407180320988797e+00
8.792662781115829773e-01
1.851158156751719464e+00
1.002978389477432231e+00
1.287077424390328684e+00
1.958817194054566779e-01
8.666173068174831684e-01
5.177100127991720591e-01
1.527371766487747307e-01
1.987439486692254564e-01
7.258561078977625591e-01
6.893388527432358082e-01
9.005076043655353413e-01
9.273176315048804463e-01
4.661728592336661925e-01
7.768986698532860391e-01
1.294867615602855349e+00
1.599799465844691237e+00
2.897743276839737092e+00
8.295057937087380040e-01
3.825084659815144311e-02
8.677938879178739850e-02
1.336204531819828456e-01
9.318177579041744263e-01
8.306495582462218863e-01
1.957268956459304599e-01
4.374726961205860354e-01
1.779067423388918101e+00
9.766712270788153738e-01
8.348288518966624494e-01
3.687632115850405512e-01
3.050661244709854669e-01
1.485453070199417080e+00
1.360036109824007022e+00
8.074827425902386668e-01
1.275350601407757301e-01
7.205003200462380963e-01
8.392983909663125353e-01
5.515969196556937959e-01
3.471701665919101898e-01
7.357290991404337177e-01
2.547199901529252353e-01
3.937730996735644418e-01
6.875074984409570433e-01
4.711466164703508319e-01
9.409323107494363403e-02
1.081088076615107418e+00
4.536521317623073424e-01
4.909857046889506416e-01
6.970538601913886523e-02
3.094391755504801722e-01
1.142129367149894659e+00
1.675360945481872532e+00
1.324723808219837817e+00
1.143948485860676323e+00
1.735153893365044553e+00
4.498123703394293904e-02
9.354240003700318162e-01
1.173407272810584878e+00
7.557788593727707838e-01
2.845455512186139124e-01
1.628361971486163462e+00
1.471183563799038030e+00
4.277294783178947069e-01
1.749080295194543666e+00
5.288131051775823988e-01
1.874297390112200867e+00
1.481375100430469383e+00
1.070050498099911707e+00
9.771447531345857085e-01
6.244659319861470825e-01
4.958974303482586166e-01
2.085285275478243883e-01
7.925982048138955349e-01
2.184298995253674658e+00
6.176610652132371593e-01
1.471167898845591626e+00
1.746887141417068356e+00
9.522768619892957309e-01
1.363858078460898460e+00
7.004999174343724544e-01
6.692153476535274148e-01
9.625729835691851921e-01
1.739216983344061829e-01
1.975621056857767233e+00
1.182795003903795550e+00
9.814989394513231602e-01
4.209601323781211879e-02
