1.151208580301450013e+00
1.968198151383103944e+00
4.498669339875493556e+00
2.341614188350328973e+00
1.551009265017958327e+00
3.699952413645854143e+00
1.595864009274368778e+00
2.214339858955205464e+00
2.421745621678020655e+00
1.986732047448164229e+00
2.233392495390798538e-01
1.917528016610942299e+00
3.190007722674642832e+00
4.769555892443434253e+00
3.362812620024979715e+00
3.265952002708105262e+00
4.728612749203620069e-01
1.325918219242561147e+00
4.963906735057649344e-01
1.593508381303072152e+00
1.629638447475724394e+00
3.573794514038504566e+00
9.741520070591686009e-01
2.890861291674287514e+00
1.215684455400246833e+00
2.022298561699174435e+00
3.665797142104330497e+00
2.322507740134886589e+00
3.652753216410076220e-01
5.910261346008597316e-01
3.771306591643950767e+00
6.337777799970508497e+00
4.783085631560740625e-01
6.945212178990526342e-01
2.833634134851689801e+00
2.317825307548294411e+00
3.891793035008130897e-01
2.670941188629731400e+00
1.249342991913142686e+00
3.189423026703591901e+00
2.899366983880306003e-01
5.308322335172911410e-01
1.532746460576904335e+00
2.197509295662666950e+00
8.954954790924187780e-01
3.039967612448541967e-01
5.469451930054645139e+00
8.427908278617328719e-01
2.147578265027080935e+00
6.852277886830295817e-01
9.459557732808079322e-01
4.411760725716817433e+00
2.129417062014304030e+00
3.921059545219719666e+00
4.436118974637889067e+00
3.581059816285473207e+00
2.470796182977655242e+00
1.998962647358144995e+00
2.719797307595127833e+00
1.130317316824460905e+00
3.098336673803080643e+00
4.486693192013798459e+00
2.967575326834780647e+00
2.130515423171958300e+00
1.262827831237991028e+00
1.216897010891632824e+00
8.690571025300999342e-01
3.547907798236705768e-01
1.928369908818179823e+00
1.596360212220968577e+00
1.529643096506293265e+00
3.480114412184561079e+00
3.977204844730384270e+00
1.712656671193083291e+00
3.990329961438058293e-01
7.888699177254369088e-01
1.971954552935121452e+00
7.968328114123572892e-01
1.653724606215743465e-01
9.171556331693847541e-01
2.748914057287453971e+00
2.515065673314734740e-01
6.721682220241420591e-01
4.090733845291669724e-01
1.005901443971683351e+00
3.755014491579670155e-01
2.127378542176766807e+00
2.883771305989809575e-01
5.421759298412917039e-01
5.912285936227940075e-01
2.275036627473905781e+00
3.451085946845545038e+00
3.730667361963238449e+00
4.064234332474182310e+00
4.324941216587310677e+00
3.767160331059702827e+00
1.608893954148979732e+00
6.568578825778914609e-01
1.714407681184248355e+00
8.051086179520243746e-01
4.239434843897258887e+00
6.527734856366111671e-02
3.228072810259216663e+00
9.482268717237301026e-01
2.803810918841593391e+00
1.209161084702695677e+00
1.749751681891699384e+00
1.732854746929707312e+00
8.673507822128938560e-01
2.284291274157204121e+00
2.149863450273079568e+00
2.597022899589291889e+00
1.626317384225536511e+00
2.030754838075181923e-01
4.393239300181097651e-01
1.762195311080495541e+00
1.485210908153366649e+00
2.386859918372730149e+00
3.558361932086160362e+00
1.879435935683764658e+00
7.317516358127511555e-01
1.730866266305965961e+00
2.522382396523322079e+00
1.124805529683409411e+00
4.235270384620805295e+00
2.698574950737447242e+00
4.290655134068450671e+00
1.222832346449004737e+00
2.838265906874785749e+00
1.254355649164815123e+00
1.894916298768642315e+00
3.373485407655353541e+00
2.064961997706159291e+00
2.388761435377171782e+00
1.552102237820831843e-01
1.839906482190620363e+00
9.261386874074001296e-01
2.254308210271958934e+00
3.848644039101569714e+00
4.575586766322011556e+00
3.350771618914933470e+00
3.084134061514840486e-01
6.092485458640781282e+00
3.668870119177482181e+00
3.531846000589354162e+00
2.422762613271000287e+00
3.261480426745104189e-01
2.607454512106692324e+00
8.484673623076143256e-01
3.069371726310112791e+00
7.194762343767424628e-02
4.690430985200389813e+00
3.075635725352789507e+00
2.471821541127107835e+00
4.048578218734240508e+00
1.218342018535334415e+00
3.756261915584475641e+00
4.965242110225991823e+00
2.269358928002274123e+00
1.293427093135323780e+00
5.056810555228966608e-01
3.027262912415566443e-01
4.762219870193202809e+00
2.927881629226829485e+00
2.353291565434415755e+00
1.633585425951255221e+00
7.928687863114138867e-01
1.736848194772694809e+00
2.135968092187722212e-01
1.786031090544984323e+00
3.603714570462833722e-01
2.630597380939156515e+00
3.136604660701352576e-01
1.368636363895037178e+00
3.483076737598610695e+00
7.650216668580697155e-01
6.346395673742648569e+00
1.831497271447518393e+00
8.353573553092062953e-01
8.480233650949797752e-01
4.192093118898985171e-01
4.025448912499817178e-01
9.211787953110058824e-01
4.029118780803328193e+00
1.246859021761158592e+00
2.532249307571787789e+00
3.161894727992732967e+00
1.796461219159693479e-01
1.302169067483656573e+00
1.752993710975087494e+00
3.658129481163004293e+00
2.446957647391450053e+00
6.529096107062838383e-01
1.776559302901739246e+00
3.955408955396359616e+00
6.819602813882310599e-01
6.126050869854874570e+00
2.428628231728811926e+00
9.499266007616109508e-01
1.247877070938105737e+00
5.423707943508373930e+00
2.296693785318068670e+00
1.423435669555410121e-01
8.102939335817204158e-01
3.821210267108811731e+00
8.732200609620680565e-01
1.849183551133900760e+00
1.261868090009179211e+00
2.282003398408904538e+00
5.573248351873005824e-01
4.929845380271217437e+00
1.942956290980524914e+00
8.281436426188022448e-01
1.562331020734897713e+00
2.067519543614818822e+00
1.651192127294486944e+00
1.246501752552455766e-01
3.046194290410002559e+00
2.579968348678274737e+00
1.641324764826474492e-01
2.002203725908700438e+00
7.612341265918267652e-01
3.788192576499214148e+00
1.035246871195142582e+00
1.451895239223121026e-01
1.521004512555421240e+00
1.975117038962256877e-01
1.485739847477922204e+00
1.018716959298776814e+00
2.648123955037529953e+00
1.686413603850554610e+00
1.115300483124465059e-01
3.730699383698303784e-01
8.868573305035774013e-01
1.530147994867515848e+00
2.542431050193139530e+00
1.231554431123565330e+00
5.591726550812664343e+00
2.573988469010985436e-01
8.423327223742604897e-01
3.495934828282526219e+00
6.056293497139952464e+00
1.401493602448985021e+00
1.050235087905795783e+00
1.415985979919579307e+00
2.761350713657924061e+00
3.882202572600035761e+00
1.854642059733051962e+00
2.192646059015719018e-01
2.906911279021672456e+00
1.411570376738212840e+00
1.771066276600424261e-01
1.482477315530253081e+00
7.944826775024056431e-01
7.518686744840650249e-01
4.772430353074573195e-01
2.347189209327060766e+00
1.041888071453332287e+00
2.586405429100849140e+00
2.948202498652487513e+00
1.759357468794117141e+00
3.845530410560340506e+00
1.366158551812265420e+00
3.079893657984489330e+00
4.286199909527423912e+00
8.913008572556606612e-01
1.332947782826644501e+00
4.047098697992088656e-01
1.275043891043189159e+00
2.720871516565319226e+00
2.406536907893087829e+00
1.933665731819766087e+00
2.845543060854031303e+00
3.280344599679013928e+00
1.778528882415088219e+00
3.766694440221493245e+00
1.173041404977265501e+00
2.956202966906944063e+00
1.466518876320149545e+00
1.092616540955297699e+00
2.934697551342032362e+00
9.643123583921835440e-01
1.085179195860721091e+00
9.749274969994816686e-01
2.931468892084768019e+00
4.555083127030606249e+00
5.206006383701261342e+00
5.214115973857922359e-01
6.330678222124046517e-01
4.453745962574078732e+00
1.012377929440484214e+00
2.463587510464352981e+00
1.507370874124883131e-01
1.275262056114587761e+00
1.429598590820664761e+00
2.312116098235806216e+00
1.688245919877634282e+00
5.270655596939436194e+00
1.755431049223619144e+00
1.561871126604376547e+00
1.261334368634161152e+00
1.016050027215630092e+00
6.334699523614744088e-01
4.126319661449132425e+00
2.291586770966259401e+00
2.276772930790149196e+00
3.591347784164772294e-01
9.516591659335622566e-01
3.417572813784510721e+00
4.794033045568321660e-01
2.704176138688549447e+00
2.301210504814704016e+00
6.367580111602801907e-01
5.578842751478068074e+00
1.238649742105623730e+00
2.552333183654928561e+00
3.219172139401590194e+00
2.331619637460661809e-01
1.114462917343243431e+00
3.081467054068102840e+00
2.550559630840225633e+00
3.083150895205568620e-01
2.284705069403580868e-01
1.413981023669170334e+00
4.237098300942486517e+00
1.430153853759495108e+00
3.527741452059141025e+00
2.753539062994498909e-01
8.687958977934424620e-01
2.045689968867410613e+00
9.426713848389195460e-01
3.493125269062438143e+00
3.785736486899167197e-01
2.149023263822279262e+00
7.949511853835844466e-01
3.669344657725502667e+00
1.514840740282937359e+00
1.218371643244982705e+00
4.170358244599981390e+00
5.317698368266341458e-01
5.893387524104879427e-01
8.934984703794057737e-01
1.141157309849324675e-01
2.902278729466971630e-01
4.279026656941734785e+00
3.062706484043447031e+00
1.137425877088917181e+00
1.672590380897142737e+00
3.550972612851722499e+00
4.346675406946301834e+00
1.057293984699530398e+00
1.215456646858839473e+00
2.463941314489169754e-01
9.736009033540726776e-01
2.678672881899152092e+00
1.703527127545699571e+00
1.748849922003936075e-01
2.515931846914959635e+00
1.645301699933666484e+00
4.690833357707062112e-01
3.331515696602315835e+00
2.984480759632294422e+00
1.628724172107403056e+00
2.824949469167884697e+00
2.116312885158350421e-01
6.615869054443207498e-01
6.808142049789100980e-01
1.946009930826763101e-01
1.381049970060535870e+00
6.279266972430139759e-01
1.869058868163397946e-01
3.210766547495155887e+00
3.281280134528059556e+00
1.706754109025679922e+00
1.251576623020028700e+00
5.249913057672269900e+00
1.287453353597739270e+00
2.895962190659903790e+00
1.711760716489747702e+00
2.892820388386561525e+00
4.833888234881680290e+00
6.510564575840057655e-01
1.737230224809084067e+00
1.217552266658723958e+00
7.136179656720849085e-01
2.088294647267107673e-01
1.959360074069599555e+00
1.718828331677551002e+00
4.366249177756268196e+00
2.835557365697551457e+00
4.600265133618616886e+00
4.014627798663820357e+00
2.285810067587166650e+00
5.985707326500724901e-02
1.783058657824081905e+00
2.121631134867016044e+00
7.833956896999783037e-01
2.513716930201667310e+00
1.495111512384873720e+00
1.881124371018647157e+00
2.489501420321462266e+00
3.380077789644832187e+00
6.598990006427525312e-01
1.235734931949191928e+00
2.452376656576589653e+00
3.002527520847716458e-01
6.836924115350397901e-01
3.730347330654502525e+00
3.785028949334225956e-01
2.047688880333044636e+00
2.132034553820370881e+00
1.696630221503150571e+00
3.037314134659647724e+00
1.330490429066401470e+00
4.115568061677132405e+00
1.049761174392839447e+00
2.578486671585623391e+00
1.050486007420663004e+00
1.599029872944571551e+00
8.001417902886933664e-01
2.673428365199186363e-01
4.362830392373622246e-01
3.850002486846101579e+00
1.224877516899772534e+00
1.069651777577807827e+00
2.288446312245806080e+00
1.347158682670064334e+00
1.285203680711541452e+00
4.993008062475537967e-01
2.185721467930258122e+00
1.098024994288112399e+00
9.220889065445413424e-01
1.571991608629418113e+00
8.950912341137950978e-01
2.880013556787877071e-01
8.076732816012954785e-01
4.817463696134687279e-01
1.390163980290515466e+00
1.616244243340229758e+00
1.597253685774949972e+00
3.167999062693839463e+00
3.785691058243739526e+00
2.005288984883386305e-01
1.105242804041376203e+00
1.545095134762080935e+00
2.482835509102089944e+00
3.399453118906570648e+00
3.425631869762705839e-01
3.022930506982102195e+00
1.824800594998618131e+00
2.500196523003340943e+00
2.954876378731074116e+00
2.553566100682849616e+00
6.967948140202735452e-01
2.888422716723750838e-01
2.482138860661509128e+00
7.245208246138564734e-01
1.036648497793409618e+00
6.238634125031822464e+00
7.211854362489841241e-01
3.984536758924739797e+00
2.234176614498425639e+00
5.517650093834590708e-01
7.157251387584634417e-01
1.944518394066086842e+00
6.171525062622288615e+00
3.660760091507232694e+00
4.825722079960270694e-01
1.640489333694235552e-01
5.036943507856142865e+00
3.332122809356339310e+00
2.294106775723190772e+00
2.474688227308160293e+00
8.810285567886397828e-01
2.390330971529144755e+00
5.634197889720091723e+00
2.424927045622231603e+00
1.611525579858107848e+00
3.389716269726876341e+00
2.638083836208326538e+00
5.180902723187743586e-01
1.322518297208246096e-01
3.420920902535654839e+00
6.080570022948726949e-01
1.833196692051763277e+00
1.851664014164941863e+00
1.467951854108957288e-01
2.207092815365501615e+00
4.650617959865689599e+00
1.582144957011335062e+00
1.091664543859103720e+00
5.467332618958851143e-01
3.247340605566540361e+00
3.776121578290992931e-01
3.496812294074294059e-01
3.330125072803634678e-01
1.221004991517847360e+00
1.697991491435070666e+00
4.574625966162718882e+00
7.303588339427999898e-01
2.034279507656035157e+00
2.606139633178744752e+00
1.140471357730164836e+00
2.231819682629579304e+00
2.796016924036665685e+00
1.854499422073626835e+00
3.461237773382122462e+00
4.771991251571865433e+00
1.620063515434243762e+00
3.549776015636399773e+00
2.108325456389827934e+00
2.549576340892303783e+00
5.051479625565806764e-01
2.670660426597692982e+00
1.230189736516448917e+00
2.063437114588398291e+00
9.999425111728733606e-01
1.462729597576272189e-01
6.872171271302902618e-01
2.017380795146199723e+00
8.035830810771016353e-01
1.934243049551964244e+00
1.164688947701558591e-01
8.300193888138132081e-01
6.272897298197950278e-01
2.302108685896858686e-01
3.794261958843652138e-01
5.292889887394196524e-01
5.238275158142224441e+00
1.005649472035873071e+00
2.201173974007406997e+00
1.510621779453170443e+00
1.271612871881427687e+00
1.277404459045126783e+00
5.869430825934071727e+00
4.421889084777747669e+00
1.848087518828313291e-01
8.172396915913922033e-01
5.969552725703184404e-01
5.454330955750688936e+00
1.730736012094811205e+00
6.065199428243911228e+00
2.688029883052541980e+00
3.655530078855180331e+00
2.144121132763808113e+00
4.734866585131791705e-01
2.332378125813286740e+00
7.983597896982306263e-01
4.662996283357790928e-01
3.601644970444416671e+00
2.097105645752117553e+00
2.505949425106773987e+00
1.336943452908982088e+00
4.023992700364863451e-01
4.325935740015530051e+00
2.751388990940967894e+00
7.986882758395164039e-01
2.216749446509230559e+00
6.780662024513139929e-01
4.547455963749844621e-01
1.882228234782962195e+00
4.210313483799842937e-01
1.857325179852579167e-01
3.054594472953691575e+00
3.608610736640225358e+00
2.646072376938626292e+00
3.685877560295951483e-01
3.538342176068907552e+00
5.027999770723392103e+00
5.170403144364030812e-01
1.444555610278192681e+00
7.995177156276428443e-01
8.127241330243470951e-01
1.572949189075399490e+00
4.670598882635029980e+00
8.321407562634900446e-01
3.096128511242586256e+00
8.150562397482286059e-01
5.495845254963334092e-01
3.672371350912575494e-01
2.038152972770278293e+00
2.334803901916012947e+00
2.763655485338290863e+00
1.476674108440351851e+00
3.099435054476219698e+00
1.223249709234557114e+00
1.435491014692793055e+00
3.054671961430038607e+00
3.713578306417157471e+00
5.212298926557166201e-01
4.085045006854295835e+00
2.174623603449639120e-01
1.964472933246696806e+00
2.267959369835032657e+00
6.713432931239802226e-01
2.586818629275273729e+00
1.500910239829106096e+00
6.484229129974412587e-01
2.222717776821975022e+00
2.682509263193784577e+00
2.907071519381548175e+00
2.447009941854582316e+00
8.945846685076848104e-01
2.614066462742478114e-01
8.398628121903484178e-01
1.974724659760670242e+00
7.223971922863227091e-01
8.379244390647105911e-01
5.783127347094016990e+00
8.435264265817643548e-01
5.974853102521286985e+00
7.680174151188647880e-01
2.223418392363062934e-01
1.633705911285781243e+00
2.521273459031736053e+00
3.406082510670443431e-01
4.311030345007040854e-01
1.404927708842428125e+00
8.575226290307103039e-01
1.664836174030331017e+00
8.712009988656602699e-01
2.136681526335436843e+00
2.976266589277047458e+00
3.714106522222863305e+00
6.782310923329123442e-01
2.511834706360215996e+00
1.302644634159993098e+00
1.459875422590743987e+00
9.812894229697968207e-01
2.249723181048884690e+00
1.516779362866274905e+00
5.025224727548852854e+00
6.870103343810363583e+00
1.036033721825455167e+00
2.897713776767991689e+00
1.777220845129584115e+00
4.289986658186243917e-01
1.131656401739909779e+00
2.698267610448988885e-01
2.051187902492864978e+00
1.260140928149797501e+00
1.593246182240808828e+00
4.851343933277854958e+00
2.064951317674411646e-01
1.749139217883170505e-01
4.328001119404212838e-01
9.024021229228325058e-01
2.482768761540976143e+00
1.438915763873494402e+00
9.134332470271778748e-01
1.984228506372875511e+00
3.020802233764474209e+00
2.856495202695297664e+00
4.531460881741219637e+00
8.915091942418527093e-01
2.613728605950502715e-01
2.136545727000992656e+00
2.038297564235040937e+00
1.178945694386689613e+00
1.099591059881298294e-01
3.433993265383244342e+00
1.817607876612034601e-01
1.883061931447253201e+00
4.983762378418576944e+00
3.450716023242875963e+00
4.332888562421706169e+00
5.897840936298525127e-01
1.067601844567427627e-01
2.565614927883206331e+00
1.095646499552285880e+00
5.257427989697471826e-01
3.861024191773801961e-01
2.335552490966619210e+00
2.543123212419610812e+00
3.546253194260868824e-01
6.336783494470423772e-01
3.109397161833600709e+00
8.187427911350233511e-01
3.240667079197080414e-01
2.610883263295803225e+00
1.061335767138497088e-01
4.490021410035675009e-01
4.909163529036038032e-01
1.451557991210241205e+00
1.581467296433355596e+00
2.186028748197549554e+00
3.059649568324443791e+00
9.467560900832647786e-01
1.964549752643761416e+00
1.572080665068140704e+00
6.568782213284927174e-01
7.313195489665558213e-01
4.733142943164575733e+00
2.163598162490667498e+00
4.081232498554533406e-01
6.518026173083442121e-01
3.544547035328391438e+00
5.422349652411344589e-01
1.434576978039425299e+00
2.457772708723956256e+00
1.211625126796391561e+00
3.314363226761636305e+00
1.119713008491882267e+00
1.401663955108182757e-01
6.570704128490672424e+00
3.505040722142504173e+00
2.522921616808195822e+00
2.749466702058536605e+00
1.618248778048301806e-01
3.361240852623369690e+00
1.199224881083072347e+00
3.238268923314715053e+00
5.091017620441248281e-01
7.723987587481035977e-01
7.143901664275271735e-01
4.270089247471946514e-01
1.236978105080424939e+00
1.903078661764645574e+00
5.913649960722848764e-01
1.121612885857237174e+00
1.174537003026770332e+00
2.562297946789326097e+00
5.263566130710569446e+00
1.836012186361358767e-01
2.430842104730961406e+00
1.051100250452568607e+00
2.824628309850567565e-01
3.555651063983518156e+00
7.001112939112646316e+00
5.333578483339453058e+00
3.026724065460067337e+00
6.037007764067737980e+00
3.485979758074356116e+00
1.882593936682921854e+00
6.779712406543381142e-01
2.012626432019002931e-01
1.729010788855283920e+00
2.344899714884612685e+00
1.779443527417772675e+00
2.407477071009539227e+00
3.790774989757396685e-01
4.118430061883858739e-01
1.369565305146792644e+00
1.441165984176826509e+00
3.441409041649896139e+00
2.402295177932686432e+00
2.856251362035125307e+00
4.042823960858243026e+00
8.551291727615694782e+00
1.590329115537112648e+00
3.133027463075276353e-01
2.687922395390374142e-01
2.173330760071302770e+00
1.043589022924111598e+00
3.557754128935881055e-01
9.879270342035229024e-01
3.823922089916353073e+00
9.673029169560807272e-01
2.261517117115543485e+00
1.186242291856810960e+00
3.136078521238385708e+00
1.375390892055378789e+00
2.254151251302826786e+00
6.205476303847579089e-01
8.582102226599712669e-01
7.231145887369883063e-01
6.235474217363710103e-01
2.351604933538292030e+00
5.583252769020363715e-01
2.014015647926114205e+00
6.493565249240503823e-01
2.731433119280300303e+00
1.184444893945930222e+00
3.606959898179167290e-01
2.202901900062443019e+00
1.924385331663293064e+00
2.724577316795334880e+00
1.378002735917389643e+00
5.511640125726305905e-01
1.560426607362351836e+00
8.776819633394622455e-01
1.667285327722255239e+00
2.514939087777197102e+00
1.668718741263334415e+00
2.576459803234994350e+00
2.438097868876798913e+00
1.396128013218243868e+00
3.218339269815613246e+00
8.436139901236322514e-01
1.338870107224793493e+00
3.286371009216318306e+00
2.171542516393953903e+00
1.731760818539483271e+00
2.424872159844323249e+00
3.632508465822338328e-01
1.659444057277523310e+00
2.610138616769246855e+00
1.657560287576138602e+00
2.538068399404837194e+00
2.912130258242738190e+00
5.554650029751038165e-01
2.841217958338055460e+00
2.334184702904559927e+00
4.297979368133236222e-01
9.855005947050523574e-01
2.782930127200517134e+00
5.233234199923288088e+00
3.406267059362994010e-01
4.738729454257050722e-01
3.969478825053943116e-01
8.697417739247501611e-01
8.360693768539919635e-01
2.851883405651440384e+00
1.434563614495037109e+00
1.458260325785453171e+00
4.094134963093308599e+00
9.664638122322279923e-01
2.416687147659716928e+00
6.630210839778321041e-01
9.288784037140849215e-01
3.732308967969793501e-01
1.431412333397442449e+00
1.315282838986577163e+00
5.753669337454044852e-01
9.594411962755573509e-01
4.539831974200303932e+00
6.299480702681747868e-01
1.276770416193695912e+00
8.484201748079631678e-01
1.545025180666438347e-01
1.086463396527051151e+00
4.162358959034378358e+00
4.476810403201941568e+00
2.546668965397866913e+00
5.452527579443755101e+00
1.042918357851210787e-01
5.360419481566646382e+00
6.366930205344782934e-01
2.137547119097818360e+00
3.097990512206951763e+00
5.540709780158705744e-01
3.237397971720910927e+00
1.017497205700217844e+00
6.268454194088775466e+00
2.052670013213970357e+00
3.175185343934332494e+00
2.016411965471970602e-01
1.804759224387921135e+00
3.063914186494131719e+00
9.146446067284672576e-01
2.958521690712713870e+00
1.288600110691999978e+00
2.312767174021860939e+00
3.591227855049480500e+00
4.562269289012086837e+00
4.815726253202212703e+00
3.875521855014660844e+00
1.290573861668595779e+00
6.799696661723974023e-01
1.166630523305098033e-01
6.038938074565008307e+00
1.912317314785790145e+00
5.035720336313440626e-01
3.394029689243043713e+00
4.570551370975144967e-01
1.301004065677316079e+00
1.808561509846196902e+00
3.034217605010343100e-01
3.600491156366782519e+00
1.223911990858702836e+00
2.995523213541945839e+00
1.041567075892400496e+00
6.582631960923388537e-01
2.072201040467238187e+00
3.375163450596255776e-01
1.780314757705910855e+00
2.776593104601841944e+00
4.408250093805590630e+00
1.525342387296251712e+00
9.479117473078262357e-01
5.911927349182530267e-02
3.347185610178909254e+00
3.327159985639916329e+00
2.411849857529489327e+00
1.067686717536271868e+00
1.948840805079167682e+00
1.710558352841250462e+00
2.573038491456868471e+00
2.328641209341511420e+00
1.427703771834654578e+00
1.415137822409004709e-01
1.209731961541845369e+00
9.683923350305542188e-01
6.386958780285492132e-01
7.881589612869188688e-01
1.966753268329289206e+00
1.517967028156852471e+00
2.749050868636378375e+00
1.869815976229057597e+00
8.440303262836629239e-01
3.256292089789195598e-01
6.698135845315417169e-01
2.394122700452837371e+00
8.060133966104296444e-02
4.924169075655221661e+00
1.812263937538716174e+00
2.050310552990226132e+00
3.191500267618150311e+00
9.016015602697082798e-01
6.184061666279000669e+00
4.539185780341972176e+00
8.579400452152700085e-01
2.635145086765449562e+00
7.000778042001751800e-01
3.048493555529559362e+00
2.525066447766003641e+00
1.779561454291774814e+00
4.907849868954874850e+00
1.597740787565194109e+00
1.373937578941831550e+00
4.098269817753684707e-01
4.994109071373832975e+00
7.356159913600879285e-01
1.690619577678097674e+00
9.837937442883344374e-01
2.485374496054038040e+00
3.619806431281249459e-01
5.715632765690935591e-01
1.856311048227322624e+00
4.759545310290616560e-01
2.433041420534904464e+00
4.094306007221571453e-01
7.080395402164161300e-01
2.255272507240090096e+00
6.934571732552686774e-01
1.515080445856892499e+00
1.961737437207065060e-01
3.832478140892984886e+00
3.927328993168802684e-01
1.387421086432361061e+00
3.649235144222497507e+00
1.632817567411777304e+00
2.097267514977315894e+00
1.005802800568597943e+00
2.079102029654374961e-01
4.614424171808081176e+00
1.586368927036045651e-01
1.624644868960289035e+00
4.338167032154574443e+00
1.645001189197939251e+00
1.653466283153503857e+00
2.157737809349260960e+00
1.203691112376366279e+00
1.984692868644903074e-01
3.954833474704962271e+00
2.997596479016056747e+00
4.432484890635939756e+00
1.747069530537752324e-01
1.139774932116918382e+00
3.944769439092006280e+00
2.366081423701819342e-01
2.404317599095026070e-01
3.145114416719982930e+00
3.470599505408000773e+00
2.091243714747844429e+00
6.499558367485143151e+00
7.666422284474156967e-01
8.237309851819745177e-01
1.198191725189956758e+00
1.843446388085221432e+00
3.607628912611836824e+00
5.727640521448066124e+00
2.016936730523930965e+00
3.040497142217645887e+00
1.940772693397775361e+00
7.938158958385460595e-02
1.882865003579438312e+00
1.397380728873174327e+00
2.772841094759228575e+00
2.720441958156000872e+00
1.173730236502327884e+00
7.465734511926021000e-01
3.110156999954548418e+00
3.677304527565584458e+00
5.159859129468328254e-01
1.278094901212256662e+00
3.240455185764192780e+00
1.659467239437864894e+00
2.283742113514280803e+00
1.935957638381177459e-01
8.784669985314907947e-01
1.553524897789475112e+00
4.456986079459391625e+00
1.104656372151910482e+00
1.791380554420828997e+00
8.810486992418675722e-01
1.199509893652535464e+00
6.078021755605467202e-01
4.933441487830967809e+00
2.895001544684416284e-01
