1.975095360868831307e+00
1.678408118114513403e+00
1.187885729127747148e+00
8.204021970207466818e-01
3.966505692903598224e+00
3.565545038572059955e-01
2.365180867335007431e+00
1.428539565213849283e+00
1.353820961746198481e+00
1.625219490916212761e+00
2.024861130958926836e+00
1.064215402597734172e+00
8.932361177414021025e-01
2.610449507560847593e+00
2.183310190639099702e+00
5.395265621901419728e-02
2.291694996839262366e+00
1.852073620608553739e+00
7.020821649896717975e-01
1.319316870876050540e+00
2.791639356558880625e+00
1.167203358313246842e+00
5.972197228760497967e-02
7.539301373545288509e-01
8.986556688826309591e-02
2.717863471519954999e+00
2.447474986024664290e+00
1.419390726156168681e+00
8.408266969104888355e-01
8.082758572986752099e-02
2.500423273288049586e+00
3.171609659944462645e-01
1.772200789458918901e+00
1.597343419199006020e-01
1.337277917682292205e+00
2.586091036371318985e+00
5.612328782103923608e-01
5.097583504728122605e-01
9.142724259258335762e-01
9.761539838478752174e-01
1.323983079776805960e+00
2.128749417287122192e+00
2.045319616023315024e-01
2.251211637274748600e+00
2.609936562416724115e+00
6.825852606937296563e-02
1.260723427189886392e+00
1.554881192048158889e+00
2.438742193023067273e+00
6.468755062821949231e-01
1.545915452385879796e+00
9.956671202108378083e-01
1.840750153989367810e+00
5.770793717952761304e-01
8.193874237017009232e-01
7.337963312526211979e-02
1.136760904742005973e+00
1.483401963332778406e+00
5.914687248680124965e-01
1.865840141575424660e+00
1.435792654243329691e+00
1.379461057613403430e+00
4.017604884862393533e-01
1.500179386197702858e+00
2.336652174472865773e-01
3.142128245945733367e-01
1.736086573011777823e+00
1.694712387723161351e+00
4.507855377445025846e-01
1.923644112200030953e+00
3.336831644595049440e+00
2.945789584036861974e-01
1.593855617015973891e+00
3.079822075390233227e+00
4.853289379969231987e-02
2.383623508512617839e+00
1.015900720982850780e+00
8.657748937041576109e-01
8.386887742190970441e-01
1.849859250580459413e+00
7.096729250948909107e-02
7.448221218422748646e-02
6.624961880960649196e-01
1.825563540379071092e+00
1.582594257560729467e+00
2.956446095877399927e+00
1.142959349773790434e+00
1.145354607635747923e+00
1.882645202827915309e-01
3.269678910642020320e+00
1.930320712811429473e+00
3.350261920711128383e+00
3.122628197989565813e+00
1.122680877154490720e+00
3.666112095636373525e+00
1.741167923641798065e+00
8.992367754574653871e-01
1.462573699134346594e-01
5.620071819013727765e-01
3.042017187195736660e+00
3.138639729086635022e+00
1.589840724343261069e+00
6.348886501541013416e-01
1.427768095337161647e+00
1.079663614678402883e+00
1.283329775282477936e+00
5.592035680059161962e-01
1.209422615582260441e-01
1.552466268774495561e-01
2.465760853155658072e+00
2.126104911970331912e+00
2.224000691180706202e+00
2.598763145844547040e-01
2.604841515355315718e+00
9.201948795292136385e-01
1.502394129769371478e+00
5.290147421561123275e-01
5.407706943786426912e+00
2.426543997513884943e+00
7.176737208796574174e-01
1.819494539382698006e+00
6.839581006763693072e-01
3.881272206775256417e-01
1.619157023002047335e+00
1.171047059218102010e-01
1.786338019888865369e-01
2.064980729200376786e+00
1.314991831501567621e+00
4.201073342063226690e+00
8.779391056004212102e-01
5.922516213533343121e-01
2.538406605884200862e-01
4.361207555694648907e-01
1.733367482327635045e+00
2.269359995684097964e+00
1.466947000499815079e+00
5.884815944237853369e-01
5.522667404541530267e-01
1.005614109301030012e+00
1.214027092943881669e+00
6.235710237547036350e-01
9.548027960087289434e-02
3.758604408154746501e+00
4.447386781498152697e-01
6.066489312695063640e-01
1.650486981739903491e+00
2.882983796098389506e-01
7.651056700073931571e-01
4.924333277436243606e-01
2.965495267439921534e-01
5.839481792871560328e-01
1.036415051321349701e+00
2.551557446015981223e-02
5.577187456499095308e-01
2.631476570907611556e-01
8.481012369814311391e-01
1.257547390364037065e+00
1.273867188689664087e-01
7.097812412220887435e-01
1.077426229034165461e-01
1.309485090245290584e+00
1.678036565560157900e+00
4.844750196315817381e-01
1.387473530333802607e+00
1.809810654075020508e+00
9.795212437939473382e-01
1.584685879391353858e+00
4.594295088954657436e-01
1.389669055800679232e+00
9.329582627372977610e-01
9.808363835961898536e-01
3.877336196943182989e-01
9.285978795811644648e-01
5.995102461163258623e-01
4.280461087026316003e-01
2.317305188503478441e-01
4.554716205473584800e+00
1.690024797378475219e+00
4.104559548529685964e-01
9.292523882958061421e-01
4.590017717850095380e+00
4.380592234767809456e-01
3.361964256072444979e+00
3.088989708909644638e-01
8.850319600297222866e-01
1.744523661626543820e+00
1.787349577277115298e+00
9.287618208160210165e-02
3.220360110588963209e+00
8.923290127855016962e-01
3.339271409931375612e+00
1.164678383881939006e+00
3.402307049719972554e+00
5.528142742765618234e-01
8.949004816185415212e-01
1.785081580364306642e-01
1.020815474471943318e-01
7.272780230074010754e-01
6.563099201548290296e-01
1.072842198145298465e+00
7.931405245829381556e-01
5.312609126273999394e-01
5.507108093119663650e-01
9.177170413635801771e-02
2.011209470834727675e+00
1.680731565702863473e-01
1.909675592517284359e+00
7.284775367991906947e-01
2.343615921717174810e-01
3.958361396621463246e+00
1.483101702366838248e+00
2.914425259237756194e+00
5.738297407281106599e-02
1.008807821697824680e+00
7.913204034568932510e-01
1.601422768439130007e+00
3.397347271624343357e+00
1.484350309757186182e+00
1.187589233208889150e-01
1.200131230709618801e+00
1.472841072873742885e+00
4.761029289658272878e-01
2.802005680370436735e+00
1.716919744943121717e+00
1.161638005961724840e-01
7.294573716224916904e-01
2.517301181513949437e+00
1.041598270402947835e+00
1.045323591816372133e+00
2.441487676319481270e+00
1.664520437344527426e-01
8.525490943493142793e-02
2.640664075431048197e+00
6.895080786342651091e-01
7.760960167407640609e-02
2.758722166059247805e+00
1.058124666088840815e+00
5.617291314303658467e-01
1.940145175085250084e+00
4.899572730245667085e-01
2.197960451781922675e+00
2.047946905091387881e-01
8.847095861537797035e-01
1.490916944094269780e+00
1.189715613038641262e+00
1.169179070112752461e+00
1.028130862493586317e+00
1.620749335480066389e+00
1.830646503858462726e+00
1.671990487788518109e+00
6.493168058027543044e-01
7.118802330241771337e-01
9.034618428417728886e-01
9.746332308183681681e-01
1.632174841022700162e+00
3.469004370350291744e+00
1.113821831241946558e+00
4.714350589169798850e-04
3.285615926524293684e+00
2.076556658000968891e+00
9.444601041486437865e-01
1.296198696721263532e+00
1.716828368186888554e+00
2.024182179209056187e+00
1.715874071026262382e-01
6.613251577179741769e-01
5.163185020318066254e-01
2.864828772537201917e+00
1.960382145001126064e+00
1.838906804792707517e+00
1.503061813895065768e+00
1.208518240328837701e+00
2.490616373040582143e+00
2.072661480403182210e+00
8.473935353725532416e-01
1.460296146730718503e-01
1.966541312193510027e+00
6.051953814736863446e-01
2.741186840784670231e+00
8.234740369274224925e-01
1.514715796749184218e+00
2.190135233950428972e+00
1.387418058226099316e+00
2.244861622956235259e+00
8.035757901487212695e-01
1.832837048751654763e+00
3.223438474096095963e+00
6.890999387285925426e-01
3.609308400302362330e-01
5.804810717619803828e-01
5.010327354630649266e-01
1.369268754264610699e+00
1.952302694480012146e+00
1.738984280915475633e+00
3.370611108200622930e+00
1.029407366179879935e+00
1.729392977826701205e+00
5.929482260603471389e-01
1.360992752249953641e+00
8.412244909167659879e-01
1.433313774248137884e+00
6.298562765833981558e-02
2.325217651297868393e+00
2.233593751176091491e+00
3.111445371471872612e+00
4.669665226919973988e-01
1.533506728859326818e-01
8.464969433379891939e-01
9.914951936652913189e-02
3.451780680171162574e-01
3.988863826665920431e-01
2.384359255187696647e+00
4.335847735450569118e+00
1.655438535285936874e-01
1.391254410065622782e+00
1.775190596332376636e+00
6.406251500058475212e-01
9.212823238977585483e-01
3.749227841851646842e-02
1.327607705012836981e+00
1.009204480675255144e+00
2.339564324708300891e+00
3.565326576225006594e+00
1.580716134777324422e+00
1.225279616404926886e+00
1.175009186752361101e+00
2.511093498795132106e+00
4.814297302910364729e-01
1.702203948484145579e+00
2.062278767185492079e+00
2.923571246243130139e-01
1.137997622916021800e+00
1.394095157060106782e+00
1.822278976022706276e+00
2.466313980019076979e+00
8.469373038775475093e-01
3.065379560180918062e-01
3.349395838297132499e+00
2.841935428768492811e-01
2.259492197355282284e-01
1.747740439302488014e+00
1.631769369374278078e+00
1.574555545794599443e+00
1.173299004964682757e+00
1.223597303337035758e+00
1.920646244046803730e+00
1.879209032111460953e+00
1.559155983359004960e+00
2.437493008462498612e+00
1.128646016472500735e+00
1.172741341885131572e+00
4.594536178054647313e-01
1.406105787666157791e+00
1.734246448554968234e+00
1.571998501748470112e+00
4.214668812165477396e-01
2.595609416621452059e+00
1.018026879701409371e+00
2.535098360689755026e+00
7.674938586856649980e-01
1.637993365971056159e+00
1.085702972306232805e+00
1.767122994326685514e+00
2.308863244083510846e+00
2.496173383422161773e+00
1.401441672306855457e+00
2.137001621875582735e+00
2.112925372852145323e+00
4.193932163068248897e+00
8.220893589049389494e-01
4.061966132368247662e-01
2.050434505573372590e+00
2.106037817949321322e+00
5.008155750400213740e-02
2.993536108896485137e-01
1.402834370066074587e+00
9.742228838655265788e-01
6.122185595448674800e-01
4.104005915378709624e+00
1.310585064538938971e+00
1.427942519310767100e+00
3.480411035034392531e-01
1.122698987267777282e+00
3.246189910755848951e-01
8.768527130009899917e-01
5.935854625083022418e-01
2.329167496171916429e+00
1.415921147807109870e+00
2.113315666210931365e+00
5.263075748506517923e-03
3.958486866300479523e+00
8.123698750559589232e-01
2.497490097685076904e+00
4.496508289405778402e-01
1.812794294141431894e+00
4.901773425671690276e+00
8.163851763425935548e-01
5.237889761325124738e+00
4.601681725458186989e+00
2.583590947313144648e-01
5.171701106367110334e-01
4.961890946408661351e-01
3.494493827538515340e+00
9.899359685143469534e-01
1.917563229057618113e+00
1.078134438390983441e+00
2.195553191723203845e+00
1.132176980811252065e+00
1.398207057174649215e+00
6.758156232174958311e-02
2.150672166285046316e+00
1.824061791415566791e+00
8.489436254888051148e-02
6.224000514646266247e-01
2.121283566692876654e+00
6.110078918067951559e-01
2.242645133147525005e+00
5.503797157018761599e-01
5.624175754098023061e-01
2.373949342401430851e+00
1.974815655585318686e+00
3.467478398961262975e+00
2.255059159428645099e-01
5.146482445483915313e-01
5.580984883900346610e-02
1.683687288740579047e-01
1.126257059402127503e+00
1.039879269724045319e+00
2.006656239050685908e-01
6.509779233926197284e-01
1.054278732228975501e+00
1.342752110938951304e+00
1.913110575272939595e+00
1.216260532189891608e+00
2.721098999327546064e+00
1.084496512862699991e+00
1.346313463028706803e+00
2.040213394591915641e+00
2.027607328464623215e+00
2.837298861165765018e+00
1.012511396864040680e+00
4.064188637336862975e-02
1.814398939708128156e+00
9.759607991007320793e-01
2.858641057678323882e+00
4.893708437502886643e-01
1.866512799741138373e+00
1.156192168841584600e+00
1.928863452858531335e+00
1.753295105373481100e+00
6.601751316042834272e-01
1.069842905760637564e+00
7.390498144164392436e-01
1.489249893521877866e-01
4.906368907102964250e-01
1.395241694638861496e+00
2.482358790203631205e-01
7.078280163516311729e-01
1.918750101121456109e-01
1.365404740650879578e+00
9.293389840352247466e-01
3.439639447407406347e+00
3.959973087986636830e-01
9.886832609320397314e-01
1.546109954929155261e+00
1.143075613635310406e+00
1.529269658197363602e-01
1.973743353223792241e+00
2.983331897115957254e-01
3.938503122292333458e+00
2.342359453969801386e+00
2.477595423653805362e+00
4.887120726204956522e-01
1.144145009819096392e+00
2.676026840316168887e+00
1.548722323883521268e-01
1.010279363660734564e+00
1.375194639927351581e+00
1.201290713382797248e+00
2.561264391252882966e+00
1.282692722577479238e-01
7.244001366368140182e-01
9.047774772941801213e-01
8.206736624399089131e-01
6.724958938980913903e-01
3.076066099956717537e+00
3.276551821573932877e+00
7.162200614805952492e-02
3.547922859362780734e+00
5.079539100521137662e-01
1.611441420706694716e+00
1.868660438096472642e+00
2.922591523892513976e+00
1.165598653104080507e+00
1.998033082682857398e-01
1.425124014538420303e+00
8.577681188566470549e-01
1.145815907773795717e+00
8.756554086425593075e-01
2.378743241653596296e+00
2.629211513041727954e+00
8.517425443170597577e-01
9.627635461937432693e-01
8.108262260944050226e-01
1.531641287028908449e+00
1.607973614708360310e+00
2.300152091840724999e+00
2.707903483180044146e-01
9.531495584525653264e-01
6.900107574503961949e-01
2.637440176446747220e+00
9.726760927276012492e-01
1.462324948226417121e+00
1.044560919406733124e+00
8.438983948905381949e-01
4.387210676843044110e-01
7.030177419471475009e-01
1.350356903886036908e-01
2.728513269806498887e+00
1.568008109040386788e+00
1.541574711739476022e+00
2.211028090424399295e+00
6.949269561012703100e-01
1.897566053946367681e+00
1.271088505292892745e-01
1.779348015404632055e-01
2.111903328073232000e+00
1.567376650303550667e+00
2.877155878305054149e+00
3.125338307366207768e+00
2.254585950951411899e+00
9.205195441342174656e-02
5.454467548534021049e-01
9.837542976569035869e-01
3.064654134599364088e+00
8.281497497492289472e-01
3.936350827333015001e-01
1.101344668684057115e+00
1.874132358833191236e-01
6.930820269980204618e-01
1.955752943646506259e-02
5.862545636699747487e-01
5.059498249667413461e-01
4.263281271225441982e-01
2.444563994344596036e+00
7.727762080194884309e-01
1.817968601144724916e-01
3.917628941354090344e+00
3.611582863793446063e-01
6.303405297693780440e-01
6.856843071681040236e-01
1.024257007088557270e+00
2.646728506239627299e-01
2.619880745886660200e+00
1.833465901619178329e+00
1.299054418858823556e+00
6.654464403360274560e-02
7.754157669575235667e-01
2.027140288314042693e-01
1.069097848853788335e+00
3.471250979133699288e-01
2.327600977730372556e+00
1.013366188926457578e+00
6.378827152082392482e-01
2.599515104833136636e+00
4.555893054679911458e-01
6.551000850812941367e-01
1.591747579290707204e+00
1.320920433869300581e+00
3.637005569910814362e+00
1.096349112857067931e+00
1.932505001851138604e-01
1.280035482011747217e+00
1.485457431456878474e+00
2.219812375047251762e-01
3.423514303166213413e+00
3.359860126845192196e-01
3.026442385078930819e+00
1.811123076180646496e+00
4.845453205506371486e-01
1.040990630161316988e+00
2.514186458407404512e+00
6.302209514167333992e-01
1.016130198996739509e+00
8.784005631707163531e-01
2.402018459891894220e-02
1.513319509029620313e+00
3.149019007353456301e-01
2.009503789795798134e+00
9.111509083334987658e-01
1.394863238549652218e+00
1.370190128651087580e+00
7.260973112656807782e-01
1.666943556095479284e+00
2.291902670614542448e+00
4.230680155766015083e-01
4.461385277667272442e-01
8.598089093728688015e-01
1.230521148170671708e+00
1.615039946178042474e+00
6.955061665596591336e-01
1.352676432158515407e+00
3.327262092772163317e-03
1.231616745228308052e-01
1.123835557887753911e+00
2.109845897494523892e-01
1.860591670510316487e+00
9.688257248149176881e-01
2.366386549767382608e+00
6.166145829011253632e-01
1.493648896357240019e-01
1.580999962492955824e+00
1.537007761093255986e+00
1.276585916440038382e+00
2.438146073349111709e-01
2.815350908942552688e-01
2.502391459950494279e-01
1.232815376830614262e+00
2.035620829429480860e-01
2.220770801385001381e+00
1.897831478250277537e-01
2.757967613546708829e+00
1.698806320272320258e-01
7.080742628705698483e-01
4.439219657827312426e-01
5.783074739980007539e-01
4.918115524150319384e-01
1.393456361929418463e+00
5.799153567880152016e-01
2.117978739953879419e+00
7.015589785358810060e-01
7.721647140921846786e-01
2.934558875535598355e-01
9.853917556517978182e-01
4.030678527991313209e-01
2.805170598514652891e+00
5.041153942010953015e-01
8.993871469187424417e-01
6.919928981050403882e-01
2.282669136925147058e+00
2.392688985067975782e+00
3.466322259591446686e-01
2.750071012537905979e+00
1.244063715293759476e+00
1.709929473841799163e-01
1.593027910907972577e+00
7.219003919468616193e-01
1.619643813162165324e+00
9.459021508518710153e-01
1.098956432881493139e+00
2.042868676234739667e+00
1.123656875226102692e+00
3.535746200591173283e-01
6.780182431410800570e-01
8.089554475632312336e-01
7.013152815836533049e-01
8.016817300813122715e-01
1.716839487744103998e+00
1.249566975935945817e-01
4.222476310057144966e-01
1.407327258384270197e+00
2.094302920867928908e+00
1.464940064969922906e-01
5.359397040748858920e-01
1.589734868926095945e+00
8.616623721935575686e-01
7.771525770427358815e-01
7.619363136471153652e-02
9.823408742447421460e-01
9.504928637167996408e-01
1.104352823397642958e+00
5.136819151864767674e-01
9.288044859384139151e-01
8.519861890372139035e-01
1.368343095197306791e+00
1.004657697889628665e+00
1.699289500343122761e+00
9.946163214093052263e-01
3.742544778227587243e-01
1.589387764189410301e+00
3.465724085336163163e-01
7.547424668469353559e-01
5.081086103567518109e-01
1.844435828844910752e+00
1.534287764208246141e-01
3.688479496191462648e+00
1.094491554032617220e+00
1.732634830136839721e+00
4.771410810693408333e-01
7.778175533735627312e-01
4.025147735379853486e+00
1.521329105297605011e+00
1.218398180031732059e+00
5.509039584964855463e-01
2.342441914235283029e+00
1.744049314500976333e+00
1.228921552006913887e+00
1.330183102698778264e+00
5.603913782880010075e-01
1.344330475346101395e+00
1.169173601003818508e+00
7.109674161479988541e-01
4.166249936712881907e-01
3.969449080502149285e-01
5.458252580409649335e-01
4.175507648069969879e-01
4.786981044428003651e-01
4.223976604034740401e-01
1.452444310529368954e+00
9.797396603700319062e-01
2.234298267868709775e+00
9.663674148511510742e-01
8.506177155345830965e-01
2.310773379473919142e+00
4.324347062394890417e-01
2.026796377432311225e+00
1.070716507483659763e+00
2.202679013705405531e+00
6.528492472317648510e-01
1.047407565229289350e+00
4.888482144465110535e-01
2.466062347388558451e-01
4.749174732990333325e-01
3.615888225271167711e-01
2.302357105653968006e+00
1.206834558846361150e+00
3.523580414476615852e-01
3.171990170352353644e+00
3.983512596700841679e-01
1.364361314445802775e-01
2.022786975312456104e+00
4.039842223140498234e+00
2.448771364535052619e+00
7.248507942022491823e-01
1.398712239216410413e+00
2.528639966008674023e+00
3.639584317481663334e-01
1.857408240580278536e+00
3.185661077097023952e-01
3.959867219485318363e-02
1.913212393815026946e+00
4.302566120451276621e-01
9.590697267226101497e-01
8.418256177296405962e-01
1.914830488667983999e-01
4.412776719084952615e-01
1.523279004831628480e+00
6.680473110589881802e-01
2.641988143754049556e+00
1.475753227055502492e+00
1.518840235131181604e+00
5.537839393550016975e-01
3.982241511078262519e+00
6.728207275887929661e-01
1.369357069221440071e+00
3.988615409348731933e-01
1.435536923355423156e+00
2.582404501496156080e+00
1.243428145545008578e-01
4.649133414889303206e-01
7.059435908022302364e-01
9.240863431307870801e-01
1.751250201428776188e-01
2.111692684171755818e+00
7.195560262327100887e-01
2.885231906543409330e+00
2.539333630317465840e+00
1.792147280458775915e+00
6.325462171531091859e-03
2.275405806108564910e+00
2.114104988156196019e-01
6.425689351582188902e-01
1.572665370086006265e+00
1.178319837671712778e+00
6.152757461642406334e-01
2.508603052569570835e+00
1.789519732352766068e+00
1.024915852904715097e+00
5.282344393778850566e-01
2.635825892496095335e-01
1.338113298477676238e+00
7.233684518290821597e-01
1.385031906011902292e+00
8.588253336690465645e-01
1.395162518461869450e+00
2.709500103543462934e+00
2.556416733815210396e+00
1.611319144377766577e+00
2.014539235533310269e+00
7.997706081305520076e-01
3.002252879062419222e-01
5.486543104049714792e-01
1.975501937087755344e+00
1.647804868382976906e+00
1.247946990124170874e+00
4.286841692599347997e-01
1.389536438183343492e+00
1.844998370530168019e+00
1.892478012370189533e-01
1.709553819812691167e+00
2.449187843637446349e+00
2.199286105365980681e+00
4.145493109860568515e-01
7.624705257178749918e-01
6.669523745235633738e-01
2.603562582324197905e+00
2.487402383842420406e+00
2.262970929907143436e+00
5.727223873472506721e-01
1.920838763054075304e+00
1.927775556738682283e-01
3.448283272512242981e+00
2.229535080829719851e-02
1.000457052162806310e-01
5.804876412087465187e-01
1.997973252951370515e+00
2.237143536973161595e+00
5.675590878237084524e-01
2.043019139337314272e+00
9.662986052559903172e-01
2.542473229261356105e-01
4.009270117138645229e-01
3.354163276908221636e-02
9.042246497535486593e-01
1.737714980372421447e+00
9.116291482616871722e-01
6.952444689713006554e-01
8.130253281360569906e-01
1.291720212845216764e+00
9.989150045853273374e-01
8.896090478467377771e-02
1.375240684990651108e+00
1.673047144447560086e+00
2.638481362660984320e-01
5.274098737485424238e-01
2.291834626047350443e-01
2.092689487101977441e+00
4.521383013292152864e-01
1.391477735603898758e+00
1.244182716058679583e+00
7.269679244425890641e-01
1.567688450519576948e+00
1.071374830508028175e+00
1.540863073432879204e+00
4.077895503502501073e-01
2.327552477907683104e-01
3.225740731164344344e-01
4.206287828055475519e-01
4.061334671171338284e-01
1.066389584623058384e-01
1.960972440049064236e+00
2.675761761440216269e-01
1.998216224598202473e+00
8.088790171661199846e-01
4.354428775633949478e-01
2.669463597991008630e-01
2.282276985134877201e+00
1.261477587337343831e+00
2.200743149110880204e+00
3.233902224200010167e+00
8.567388440634604585e-01
1.332462057776946152e+00
2.237164331607716772e+00
2.231528175205037101e+00
1.762250723031830502e+00
2.368102771439857257e+00
1.032535080764037438e+00
1.606357519033336789e+00
7.703727968934397374e-01
2.905543018606789873e-01
1.966030378927333011e+00
9.770128970511546829e-01
3.184134036494041808e-01
1.899040167937602774e+00
2.031116231934765537e+00
1.547293472613678444e+00
1.856966145978216298e+00
2.148612354143489611e+00
1.271937143926495040e+00
2.119523060468097575e-01
2.793912557990147150e+00
1.465723394181396966e+00
1.022995932457356760e+00
1.052179701504815545e+00
9.740906015425614406e-01
1.670283762404466854e+00
4.995122154545580173e+00
4.424190382547467659e-01
1.141418302818631325e+00
4.664719941162562833e-01
6.927917902802829264e-01
4.040668024520780444e-01
1.678196797696504650e+00
2.031138873987822446e+00
8.580526496018014981e-01
1.253230274407297840e+00
1.417587141666274420e+00
6.319015044280483773e-01
2.166087264575884852e+00
9.016298062620737852e-01
2.806909323164962888e+00
1.088883706325782352e+00
2.089838010019720915e+00
7.989702889289318488e-01
3.179626855987270240e+00
6.364901265764384419e-01
5.370053248782040711e-01
7.258853496541358696e-01
1.008065670699219485e+00
9.940434178491414086e-01
5.599817893286906934e-01
1.978779799374486892e+00
5.564132338619605100e-01
9.788525988524863219e-01
1.520959006186014317e+00
3.230001781149979045e+00
7.382462524932249526e-01
1.632740545260327192e+00
1.943207183634772406e+00
1.026423801796424229e+00
4.123983958732113653e-01
3.487591806678391748e-02
1.746609623762609642e+00
4.601835345603036975e-01
8.698891197340794523e-01
2.507621652120351818e+00
6.526539556470398740e-01
2.760303106908627013e-01
1.721405540924984212e+00
1.415847832089229819e+00
7.042873728259346766e-02
7.851463092289974188e-01
1.925683066782379660e+00
2.300559340406795883e+00
1.912032211207477239e+00
3.033832075284685015e+00
6.602880611478900708e-01
1.169850564331515796e+00
1.414739008299469081e+00
1.250810008985223210e+00
2.115587502124227359e-01
8.877595555635280355e-01
1.242024608846579614e+00
3.753678895491753487e+00
3.376003037563724690e-02
4.088204579527293103e-01
2.275891797378940762e+00
1.787286017608131994e+00
6.019623628992546438e-01
1.755419272440676304e+00
2.737580294943173786e+00
4.907470391002525245e-01
1.940671199142744441e-01
2.302916603119891548e+00
7.090011626028074332e-01
4.388224927161555877e-01
2.081937749813842942e+00
2.023329771884779804e-02
5.849214086130447576e-01
9.034065640545034803e-01
2.078979800502338549e+00
3.349517174120260510e+00
4.788736803129181041e+00
7.497272337867983971e-01
8.808646635926780100e-01
6.225562762954339746e-01
1.505766983958846561e+00
1.750095590833703696e+00
2.478662039463435662e-01
2.766676671669142884e+00
1.342041941707293962e+00
9.009377129756794833e-01
6.418824012513830723e-01
7.807270934151341324e-01
1.208773827780195223e-02
2.504839630379385618e+00
3.001477051980306898e-01
3.321290232871365156e+00
4.652549405605475030e-01
9.659221305173857353e-01
2.046984129411319131e+00
8.463884042840857935e-02
1.293637697796794717e+00
1.794259888851315043e+00
1.966758627259376224e+00
7.714532883572186028e-01
2.862202868155931945e+00
7.054699446534569152e-01
4.343186480300896823e-01
9.539771531873001420e-01
1.294554306313742575e+00
1.955163939237660964e+00
2.136610870049270972e+00
1.564158629482130802e-01
1.552271431162502102e+00
2.917553440185265856e+00
1.165131522046913837e+00
3.312651518671800854e-01
3.962112367621492548e-01
5.550362361567396929e-01
