1.974301481791258084e+00
2.662590502468615394e+00
4.236961832553343577e+00
4.444674670215044365e+00
1.994154074818017763e+00
2.130776062366315227e+00
1.663772975078787297e+00
3.303980184222365502e+00
2.570851338025543331e+00
4.664005396121978286e+00
3.435298031233399385e+00
4.918341104135140363e+00
3.700515841787247684e+00
4.696136821418631868e+00
4.154647836858472054e+00
2.113364192384601381e+00
3.585952550802596228e+00
3.264210140253599679e+00
3.246826818562545292e+00
3.669996310275275508e+00
2.940305408312283042e+00
2.649395156892761616e+00
1.959432172938236238e+00
3.283616838588706788e+00
2.930003252364103972e+00
2.727385998680418311e+00
3.001481656814601884e+00
4.774868603341086981e+00
3.612885708132277607e+00
1.831589581920304965e+00
4.313177764371905809e+00
4.605560009237789743e+00
3.169583620729427231e+00
3.203106630110545527e+00
2.594911291534843123e+00
3.569044238446572148e+00
3.622041932191716995e+00
3.457345385897925727e+00
2.797654806738568922e+00
2.251130457233720072e+00
3.203227533396268534e+00
4.168341703792597386e+00
3.263237517385739750e+00
4.160630411417752583e+00
2.166432542563111685e+00
3.470411649193672066e+00
4.393156859903564637e+00
3.481222192903346890e+00
2.358115845685114564e+00
2.250425048141670104e+00
4.217585146090198300e+00
3.453736849454926983e+00
3.338394342517446933e+00
3.655167028871681101e+00
2.886166414359919052e+00
3.945377412877796974e+00
3.112688153901615351e+00
3.999258904078660581e+00
3.149942499822102615e+00
2.683961219274899168e+00
3.878871869865875510e+00
4.375201618111669966e+00
2.458174918893814898e+00
2.107568709341464785e+00
3.030029296048329712e+00
4.852969854485337464e+00
3.706190218722478225e+00
3.886962741398958254e+00
2.469156668680785760e+00
3.837951475570314130e+00
5.310897873531977176e+00
3.494379141254889465e+00
3.007296976338206473e+00
3.987633949124880672e+00
3.040110154679422916e+00
1.989263908674862247e+00
3.950987788652852828e+00
2.015031168180719146e+00
2.164310522641696544e+00
2.956925737097219287e+00
4.279212725154848407e+00
2.534214185871110914e+00
2.701441643367302525e+00
3.111230469055472181e+00
2.040713776084229991e+00
3.268439281837707711e+00
2.872330435169747176e+00
1.931439488610858124e+00
3.474951081760862870e+00
3.458803276567438356e+00
3.767614753229405089e+00
6.552316091062012404e+00
2.062067506501974457e+00
3.329105879135444201e+00
2.807924858623111142e+00
3.770708579253998050e+00
4.722877623034731798e+00
2.656069884076936116e+00
4.066695357272015698e+00
3.412042219141097288e+00
4.317617815336766363e+00
3.208613343627361836e+00
4.439573526667699888e+00
3.340192287465169940e+00
4.318329373510543689e+00
3.576633961582374344e+00
3.295039789069923231e+00
3.319124692605292637e+00
6.059154211829285153e+00
1.496609294370379040e+00
3.473585835568774094e+00
4.449071514879602063e+00
2.715106651270871474e+00
4.627330275254328384e+00
4.641518768100790560e+00
3.890882153631938678e+00
3.001131655794978315e+00
4.302147841221302116e+00
2.715729975996890033e+00
3.585946910782075836e+00
3.763450989079423437e+00
3.194652107869698998e+00
4.443019822275805275e+00
2.741429606614830927e+00
2.575003969216873578e+00
3.306771495475170575e+00
2.756861811890927161e+00
3.014186788992511357e+00
2.370655463655887196e+00
3.139597863183749116e+00
1.699816554690108283e+00
3.160819287298989533e+00
3.828109358729830713e+00
2.858378036363060204e+00
2.054753780785842920e+00
2.671441773899226213e+00
2.591543763741349427e+00
2.801752538146501603e+00
2.433038051275024927e+00
1.897803455205535172e+00
3.512461935009098202e+00
4.096861032940839031e+00
3.451064335326797572e+00
4.829842399587395363e+00
2.269607602722271356e+00
2.967243795835424081e+00
2.612730145621099176e+00
4.137487954342623730e+00
3.529802969728678352e+00
2.561376315384916502e+00
2.642287303116316100e+00
4.876458513021215246e+00
4.450155129970822188e+00
3.732583393361537993e+00
4.619444796206630954e+00
2.878358474602050077e+00
1.598589561057244923e+00
2.322962108473215714e+00
3.084992431738310170e+00
1.698947084922382889e+00
2.931734167524071566e+00
2.143926675062322929e+00
3.268472828434806132e+00
3.747721466292676773e+00
3.029914342728103005e+00
3.080824817030173968e+00
2.341050625344882175e+00
1.670445953731381383e+00
3.116702242631670394e+00
2.416071407962479434e+00
3.204926231511846968e+00
3.142771336976657004e+00
2.534583336490654482e+00
2.922069306377438114e+00
2.953535931854934127e+00
3.740073197805795502e+00
3.562910979367367226e+00
4.808760264100163440e+00
4.415493219751638776e+00
3.199586364080814871e+00
4.410141326797968553e+00
4.765043060417046838e+00
5.563141757845194491e+00
3.352086519146947552e+00
3.690840107582340934e+00
6.312512225442475255e+00
3.564444575568041618e+00
3.120040621797278035e+00
2.824808788527258585e+00
3.534338716506803646e+00
3.132797123224699831e+00
3.189544437351402806e+00
3.035376985583502663e+00
3.109262120107573857e+00
2.121807122774878263e+00
4.360543226900422731e+00
4.238547398762167795e+00
3.115015116596486777e+00
3.365449635990815480e+00
5.640713903917737859e+00
3.428810271579423308e+00
3.046465478664899251e+00
2.934088861820717042e+00
4.276862867514429567e+00
2.560784957324952149e+00
3.037707587962132028e+00
2.622904629050117897e+00
2.360009323900199352e+00
4.165683527838934808e+00
3.051148118351817651e+00
1.603772528560724497e+00
3.734650524394114157e+00
2.386902277286473417e+00
5.498159699987771987e+00
2.809906347237757895e+00
2.793794551326271414e+00
2.760061130127491325e+00
6.853184959032235568e+00
3.796753258658530417e+00
2.506868535950541599e+00
3.835510103273438443e+00
3.620379072367706730e+00
4.396415339471535511e+00
4.212198333626486324e+00
2.855201862892778664e+00
3.602517858125730665e+00
3.602184149273784719e+00
6.814504906757441027e+00
3.167846492212706089e+00
2.400734050968724720e+00
3.470744812014184610e+00
3.293355459840875632e+00
3.504833456433147365e+00
2.315850724785751602e+00
3.921865607008034882e+00
2.895217630424645083e+00
2.915868453794230764e+00
3.597584680550840464e+00
3.583100420121630769e+00
3.300637758687672285e+00
2.608546631507169256e+00
3.394766939550275531e+00
3.854690430599342132e+00
3.511809026141633705e+00
3.190087838429296330e+00
3.853747090212318316e+00
3.437458229769596141e+00
2.421331238697875587e+00
2.965384923816445362e+00
2.631637415209922892e+00
3.415428990224679495e+00
5.423070777648718810e+00
2.491232078578160092e+00
3.076911229937233205e+00
2.822865263359565891e+00
2.088336643639682855e+00
2.973346651660065287e+00
3.126206523318804553e+00
4.163052277675639345e+00
3.477954463328249535e+00
3.177105135909075173e+00
3.579704389747049742e+00
3.295948516946225482e+00
3.589713553930669931e+00
3.767551028377245093e+00
5.278841988812109420e+00
1.881521441339710776e+00
2.961171216205828571e+00
3.465631422772024628e+00
1.670191816015480057e+00
3.943797768152939476e+00
6.101156926344379450e+00
3.434910424098585491e+00
3.213148728996239267e+00
1.449827988666571699e+00
3.185581658794456761e+00
2.732866932165450180e+00
2.705689241971469539e+00
3.882018844564678162e+00
4.054933777070568013e+00
3.845940288348581149e+00
3.432720932348410692e+00
5.538229921285802604e+00
3.951182843774697417e+00
3.174407887555874552e+00
2.386516682273915890e+00
3.354086332530324288e+00
3.169052846710898930e+00
3.271258985693388688e+00
2.250891896055919439e+00
4.430251199486609615e+00
1.894130091816465189e+00
2.237312455598654992e+00
2.587825245957712017e+00
2.384402538829738294e+00
3.475364513725017979e+00
1.792126302526833248e+00
1.953762771956206512e+00
2.340884222883064414e+00
3.209127880321520632e+00
2.926293097786597741e+00
2.598660277529828200e+00
3.578054583195246607e+00
2.334287253873370105e+00
3.748559052420583182e+00
2.487442861025729979e+00
2.285853924183467001e+00
3.260307212373027674e+00
2.700392105813894883e+00
2.332465831008424306e+00
3.537936651340763738e+00
2.481166162395321617e+00
3.489230622332820442e+00
2.051412328095242099e+00
3.504144623999812858e+00
4.720366880652409947e+00
3.991136005114443108e+00
2.781717753370450463e+00
2.192058725391550222e+00
2.153487147908723642e+00
2.890488516333027835e+00
3.875903795710505584e+00
4.109066898141408686e+00
2.704610966849807507e+00
2.736000793857066071e+00
4.330916508313584323e+00
2.962986326910369339e+00
1.635874645577172881e+00
2.667829132601557962e+00
5.042360816174980442e+00
2.118067061648127858e+00
2.727088420821946801e+00
2.140081428089537052e+00
2.882760308586648446e+00
2.301391835227220461e+00
3.956338395195324598e+00
3.473934859293103194e+00
2.010243859905581409e+00
2.361720894721310415e+00
5.557925007979239496e+00
2.782011888762013996e+00
3.579569646793401283e+00
2.261431399101442530e+00
2.828582623754412051e+00
3.392312113784265559e+00
4.362904701301188126e+00
2.080495558817012647e+00
3.663581254593416769e+00
5.108632402991181820e+00
2.760652276741130340e+00
5.085389727025138029e+00
3.076802659421353781e+00
3.757201745867257081e+00
1.761242429667702281e+00
2.961344607138403973e+00
4.587984776446901058e+00
3.212356272405162194e+00
2.146536455712313440e+00
3.183662188933088277e+00
5.131774409323384134e+00
2.373185000186171401e+00
2.871492108290168321e+00
3.423793000463357661e+00
2.334320977949743803e+00
2.778551537342638600e+00
2.455412360893928447e+00
3.487634096712690202e+00
4.459873699722308515e+00
4.052588721411250816e+00
5.291567078020139370e+00
2.361930526891885318e+00
3.455174864420602177e+00
2.932605062464940460e+00
2.978999276236192095e+00
2.795357496339190728e+00
4.702647991214963241e+00
3.616072589510213930e+00
2.456213561580799176e+00
3.450651766651537944e+00
2.228232692708065343e+00
2.323515707709501665e+00
3.591849583389500999e+00
4.682565948396868016e+00
2.871182081836213040e+00
2.817277562850204475e+00
2.412410540588231456e+00
1.836933406930425283e+00
2.451936036403193242e+00
3.206696763794535610e+00
3.122450942134082474e+00
2.714890341210188129e+00
2.610907387888997899e+00
2.631775174152944263e+00
3.745814392414903438e+00
4.336100818702310455e+00
3.206830040556312156e+00
3.581524048825452500e+00
3.882622198199074948e+00
4.591282232967586197e+00
3.069034582907693931e+00
3.817658556605694642e+00
3.970053958411546180e+00
3.608954192806335559e+00
2.960861591492662814e+00
4.242542059141332977e+00
2.714379645726305856e+00
1.338102004320829597e+00
2.022948067613723921e+00
3.155924310877301853e+00
3.614532195107886370e+00
3.664896372526973423e+00
3.134025168144304097e+00
2.661122495755048334e+00
2.830342387974914775e+00
3.207467269594977743e+00
3.385536550572685766e+00
3.022712504896754915e+00
3.901900377082992755e+00
2.583630053722306918e+00
2.581036493877660654e+00
2.766013887978471697e+00
2.590824565816610914e+00
2.305796686053282585e+00
2.484569686885731432e+00
2.728504964122957510e+00
3.091811294121435516e+00
2.229348755720784947e+00
2.706560440761870634e+00
1.998885908465055206e+00
5.210787168350798915e+00
2.813536485832627942e+00
2.501847618866424039e+00
2.789951112316769510e+00
2.505017538931111343e+00
3.415944255374402605e+00
3.670979509360627002e+00
3.068208300745301820e+00
3.592993116284688426e+00
6.153426013621279722e+00
2.280715367264840587e+00
4.418212669812346505e+00
3.202331854771713893e+00
1.545201633633333183e+00
5.206326874356868473e+00
3.724673821997870338e+00
2.779425529211764445e+00
2.905479085478892110e+00
3.774068766165713740e+00
2.813913114603189936e+00
2.744155860073791420e+00
1.969531473590869552e+00
2.299779878145088663e+00
3.411367131988940926e+00
2.518883284009297174e+00
2.485152732098863559e+00
3.175171860504370169e+00
2.904148676453703448e+00
2.723288602551282356e+00
3.832389191050031396e+00
4.013168095786733502e+00
4.992433309578324874e+00
4.839431873419682617e+00
2.573787006119012677e+00
3.452812225446526107e+00
3.613964469717824368e+00
4.185386393591991272e+00
2.081044562197159831e+00
3.455618168204095841e+00
3.569361122710487333e+00
1.894216791781908604e+00
2.133603342287241134e+00
3.877159002204389804e+00
2.806990433536144192e+00
5.066476739812527441e+00
5.115848971252823674e+00
3.579920215075720336e+00
3.307031365645390686e+00
2.747884933269017615e+00
4.274572153977192812e+00
2.345963158224797951e+00
5.080032273468799708e+00
3.078986105836118981e+00
3.289700396525156112e+00
2.438608568162516921e+00
3.653917689173534544e+00
3.636417990822942592e+00
3.133604712381439228e+00
5.316660420555389344e+00
3.765443761663155975e+00
4.045736988434337711e+00
2.645779360140601000e+00
3.382229263807736253e+00
3.217204718782458173e+00
6.300588077489258865e+00
3.876001753213989875e+00
4.062122996015448351e+00
2.803584254187723612e+00
3.104838785244747434e+00
3.931498644692578814e+00
3.976803343211346320e+00
4.274136011004721958e+00
1.600615867004203219e+00
4.753370104368633164e+00
3.968292043000596347e+00
2.559275731613446236e+00
2.324321124420996920e+00
3.667713101228384343e+00
2.087214352788372640e+00
2.540272650115908526e+00
3.921767863266005349e+00
2.818891303167754714e+00
2.463174126108634177e+00
3.040206388402349358e+00
3.592904728316538510e+00
5.438775213332356806e+00
2.115440368835567853e+00
2.301947616318691381e+00
4.035884288856420810e+00
3.260697348695482667e+00
2.320131261750705054e+00
3.119625655924700869e+00
3.486201197509589456e+00
3.137201218952043735e+00
4.288048307809812165e+00
2.622241055508758745e+00
4.151434735359181616e+00
4.019568262130610137e+00
4.111519244790394545e+00
2.084075439356354309e+00
3.235757491596990665e+00
3.780482157802104393e+00
3.750494662374339594e+00
4.227548221242304116e+00
5.294479542450485354e+00
4.309430918867113824e+00
2.369957460986496400e+00
2.633338198575578382e+00
2.271854420640494698e+00
4.572006535675727790e+00
2.554478845610552717e+00
2.560867034557777089e+00
4.087462108811990014e+00
4.353183612043791229e+00
3.337759409424569057e+00
3.052809970875683288e+00
3.569222841952826908e+00
3.311589935110923477e+00
2.763469865842882456e+00
1.923731565846093616e+00
5.199016966345405777e+00
3.714974678411778086e+00
4.007929315436965290e+00
2.755942068569445347e+00
4.488662832563555583e+00
3.524368541557985957e+00
2.481877067399736347e+00
1.860078020832520718e+00
3.755942452795139275e+00
3.348748463881632720e+00
4.358460604184042353e+00
3.926471300707078171e+00
4.608787661558888971e+00
1.861497053102548316e+00
3.652149299354208178e+00
3.297771668859886596e+00
2.556994867922308678e+00
2.652155910362605784e+00
2.868241137685021425e+00
1.953454994511061971e+00
3.172297015468723114e+00
2.826866387115369861e+00
2.807492841315413656e+00
2.463728207206852261e+00
3.756101748298213305e+00
2.686214291668812315e+00
4.100199964397686081e+00
2.352162651523785897e+00
3.812788354380993283e+00
4.401095900148440876e+00
3.513934279305835684e+00
3.161905722501309413e+00
4.564792602293191059e+00
4.193184339187938647e+00
3.807569952789453982e+00
4.606810520295574030e+00
3.431447017735640870e+00
3.654151232457823362e+00
2.697927550023043519e+00
3.634432523235100465e+00
3.054132009674712211e+00
2.930690668933830345e+00
4.105819737914454315e+00
3.942844000248332037e+00
2.795125463700393720e+00
3.973808162015521006e+00
3.620540898522299766e+00
2.902121612772316173e+00
4.434358604411806404e+00
4.158649771057132405e+00
2.412190819457410651e+00
3.661471266798724145e+00
5.497273855231934903e+00
2.542934752005930221e+00
2.995367363196117960e+00
3.157139163456643693e+00
1.625099345931859451e+00
3.036287102799655635e+00
3.494103786700203162e+00
3.296822805283111890e+00
2.883112212646751438e+00
2.639979182025699256e+00
5.832462183330702210e+00
4.017918737346138691e+00
2.764107426445797877e+00
4.022306501015408209e+00
3.581851954738073385e+00
1.739478206780391334e+00
4.432909321837498418e+00
2.689927541465584326e+00
2.703395996958469105e+00
3.053242261157147919e+00
3.771844150448685262e+00
1.739202553952074570e+00
2.771408170604651833e+00
5.122562885887760764e+00
3.447646945158073351e+00
3.425207938794540219e+00
2.901445669119291804e+00
2.217719071860718039e+00
3.555409730419241576e+00
2.459367272684088945e+00
3.331110740425882621e+00
2.372671818084163053e+00
2.772611188214914257e+00
3.722589214148965819e+00
2.833467766403188204e+00
2.724304279683445795e+00
4.351805175946105386e+00
3.073670075126726076e+00
3.645262538194105950e+00
3.138923096270716417e+00
2.964751889033326648e+00
2.618375380758288795e+00
3.877169757986045351e+00
2.811668834098828729e+00
1.964253111476369495e+00
3.684904452471612579e+00
3.184510882889075578e+00
3.552960945716622021e+00
3.138309684881426254e+00
3.533081185212771036e+00
4.015227483325586988e+00
1.451442856131060166e+00
2.899394047426455234e+00
2.666707949118464871e+00
4.219033461863120671e+00
3.825920460681939694e+00
2.498874847358782070e+00
2.959907590942384203e+00
3.506744094266772915e+00
3.655221704678959682e+00
2.373865796061058298e+00
3.977463999908202208e+00
3.303901317922770531e+00
4.129865961251935502e+00
3.042211491229903864e+00
2.423555971254070407e+00
3.389138157215107583e+00
2.221685610401759714e+00
3.326558387835066632e+00
3.086736833709343042e+00
2.618334030055485151e+00
2.921199003761138169e+00
1.806613689943182388e+00
5.533072652489750887e+00
2.267885463389997636e+00
4.020236658185694090e+00
1.677659966404113412e+00
2.992719698376152593e+00
3.148299673876552074e+00
3.311018515784581062e+00
3.083078473415803433e+00
2.684674640923546018e+00
2.555101098785870661e+00
4.099706612477896250e+00
2.579890057726648589e+00
2.413707339457146439e+00
2.083271404223173029e+00
4.970906741864909328e+00
3.272179353138015667e+00
3.665711400731173075e+00
2.220651158170980910e+00
4.083086851798354289e+00
3.174621900307200928e+00
3.188410578304443188e+00
3.324818318246256510e+00
3.656563676297026610e+00
4.973639934026583553e+00
3.530753148630997984e+00
2.908891421721799375e+00
3.160280649802844621e+00
1.797481728404941803e+00
4.480421833984959967e+00
2.214955235341068196e+00
6.735864936257828006e+00
2.795303811297617624e+00
3.198865078690604324e+00
3.227245478397801737e+00
3.443338080894985165e+00
3.424650411411052975e+00
2.197699528595350671e+00
3.771804055639419673e+00
4.221689686080731363e+00
2.814314710592838331e+00
3.897671071342356353e+00
2.627427700789578768e+00
3.644148061397531002e+00
3.776733166294055533e+00
2.063070352398080232e+00
2.401353419708041947e+00
2.127524345550800611e+00
4.500944319257096815e+00
2.310516195511548521e+00
3.344283525677305580e+00
2.100712874648090533e+00
2.672658068253384034e+00
2.623999479974221227e+00
3.839487855542452088e+00
3.283737809901974281e+00
4.251158223016312299e+00
3.215983376904995250e+00
5.212923401487605801e+00
2.633298474725409566e+00
2.194725697378959506e+00
3.922497525292141685e+00
4.739053356837279019e+00
2.923974532313529995e+00
3.175626842135914618e+00
3.114214723327306533e+00
2.763030094667533465e+00
3.762818178688365212e+00
4.424371035581637024e+00
3.782331997301890514e+00
2.234201999300529984e+00
2.837723027141596965e+00
2.773992799591685987e+00
3.052490091505972281e+00
2.905757306262783946e+00
2.855566398743664358e+00
3.454551852244397647e+00
5.411888913363696929e+00
3.385956885809188410e+00
2.071340649033102110e+00
2.885963334105194011e+00
3.398820849592690596e+00
2.721953923112911067e+00
4.643440786123957942e+00
1.573262992590858556e+00
3.126505306585152244e+00
1.956499461969853249e+00
3.791376048904492091e+00
2.199602557062698249e+00
3.485671495778036810e+00
3.026352842175540570e+00
3.537447006879557154e+00
2.119246227249406367e+00
4.223529329254025022e+00
3.761814092613851468e+00
2.330574131811296468e+00
3.504253279213300765e+00
2.397814938178376654e+00
2.180637097640082622e+00
2.823867821632015218e+00
3.089605451514174650e+00
1.315364792464040145e+00
2.483437518044005810e+00
3.345117538710370653e+00
3.559219614692302525e+00
4.114019443367251228e+00
4.108368523451487953e+00
3.385490774866064534e+00
2.802587545978675099e+00
4.324965972845961737e+00
1.757801321589065990e+00
3.301557289476827250e+00
2.899997830415204092e+00
4.284376741701466429e+00
5.454675896120779299e+00
5.004222035041102856e+00
2.280719689919842530e+00
2.560828745300117060e+00
2.662876137027041512e+00
4.966034968424819063e+00
3.680179852275407892e+00
2.806592459465769629e+00
2.912152477795240557e+00
5.199365914555654555e+00
6.349476746750198686e+00
3.253979866614843175e+00
2.594126968012973489e+00
2.810755413299861782e+00
2.722225485883848606e+00
5.753431618003407522e+00
2.240100503933187159e+00
2.079233302091376689e+00
4.467303014615366052e+00
3.492821667739516300e+00
3.835467955532563700e+00
4.516048079891204381e+00
3.047627190245866036e+00
2.791837969724080271e+00
3.835741688754485068e+00
3.901702095380396695e+00
2.684166922994504656e+00
3.662400639239651756e+00
2.491365560730549600e+00
4.562200848505658435e+00
2.746900644063411612e+00
2.471079282267911736e+00
4.807641682489823154e+00
2.943053076565264714e+00
3.718173175493475480e+00
4.611377579473291632e+00
2.333394953066100452e+00
3.100668623942938407e+00
2.344737448076461117e+00
3.922364258830855377e+00
3.408143429734903584e+00
3.451112030486366056e+00
3.086425459063203203e+00
3.445412992701684995e+00
2.505260858891900089e+00
2.847407035770114003e+00
3.310325784376732638e+00
4.588750272493457238e+00
2.118053150325796441e+00
2.566980831328437684e+00
1.951418829366475149e+00
2.779402503926900803e+00
2.334732007011620869e+00
1.628803666234722947e+00
2.264260536926324008e+00
2.764798948457069638e+00
3.237955566390884776e+00
3.188064129052162965e+00
3.133334511030489988e+00
2.494920821186002780e+00
4.264549246907159308e+00
2.819233498837828922e+00
3.450564405358455211e+00
2.162975440987047193e+00
2.126202961266669078e+00
2.452542997745526865e+00
3.474202504493252963e+00
2.804513294163561987e+00
2.670279971369904803e+00
3.079456307421774675e+00
2.540831390808341084e+00
2.844637851313509547e+00
3.551726898310171965e+00
2.704031622793561240e+00
3.402699778715338574e+00
2.794733340475731520e+00
3.059824533116036527e+00
4.874335245274144413e+00
3.547896263458361066e+00
2.973841050379638418e+00
3.386110508064391844e+00
2.307950898880590351e+00
1.258501779998227876e+00
3.322422263925727481e+00
2.771149737443350247e+00
2.745173816482621376e+00
1.679627930870548624e+00
2.998144717944518867e+00
2.636126491132314786e+00
3.237885604109403737e+00
2.474981928706079248e+00
2.689109752320923974e+00
3.833632996880949939e+00
2.658164861518447442e+00
2.687774677179255445e+00
2.244340944511505676e+00
4.422876107482907493e+00
4.665256162776122650e+00
4.259407237299188687e+00
2.406800390090189090e+00
2.180666389808027628e+00
3.109542785156079958e+00
4.668322668901628170e+00
3.550668903460947323e+00
1.821523671422193624e+00
3.251963113137872341e+00
2.319136857384250128e+00
2.636528692242957383e+00
2.504887731735004230e+00
3.793171359382092600e+00
2.047311206695462182e+00
3.339903333240594296e+00
3.371485934730072298e+00
4.370926827893820921e+00
2.403897738364224601e+00
2.369558643382551733e+00
3.372874224016059408e+00
3.981835977336168675e+00
2.745424924912018394e+00
2.150742478254176859e+00
3.045509206875802288e+00
2.783960776519058822e+00
4.600336793007641312e+00
4.009969522141521914e+00
3.236735093610961123e+00
2.556069269317966519e+00
2.786232417712877663e+00
3.789129693823528378e+00
1.606206218248655837e+00
2.753367611290222783e+00
2.507557012898796955e+00
2.966707262223027719e+00
3.472379424690310135e+00
2.007660869857674335e+00
3.087970980065925630e+00
2.721886785225949179e+00
3.226708041540579330e+00
1.955241024496323643e+00
3.558652991980796987e+00
2.691395135019739371e+00
2.326729002859660778e+00
1.807861900165055768e+00
4.323144317925521563e+00
4.682041363750598428e+00
2.259298595290140987e+00
3.159880872262033957e+00
3.248429775870798952e+00
2.864484196530684201e+00
3.103669711858120461e+00
2.725062801819292613e+00
3.275895292831987327e+00
3.693307118710197567e+00
2.864821636424280449e+00
2.839694182713466297e+00
3.519938453494943609e+00
2.582007647857056831e+00
3.357580084548538402e+00
4.109390350078545140e+00
2.322128978757389106e+00
2.868613286907336857e+00
3.181660958760554436e+00
2.870424658927739792e+00
1.913551373600416161e+00
3.423770869411422613e+00
2.476236083189205406e+00
3.230415196703124270e+00
2.439303443376852343e+00
2.958230336538635985e+00
1.758367247450522752e+00
3.743898626864051060e+00
3.775701308981132431e+00
3.815172292005269306e+00
3.555640620468238033e+00
2.902637368797177153e+00
2.510473408127178452e+00
2.762598598686069717e+00
2.009508475151636553e+00
2.908852407472202195e+00
3.687190045255975601e+00
2.897247444539878369e+00
2.548956586736795149e+00
4.255466356496691915e+00
2.341716268009962132e+00
3.043313822220578668e+00
3.550229465654494376e+00
3.378637753749499595e+00
2.875051409754536103e+00
2.820776552730198450e+00
3.253999084320720048e+00
3.645350074375725224e+00
4.667742455245837974e+00
4.559912978537135508e+00
1.797887360732920436e+00
3.404699240162912588e+00
2.486439745756983566e+00
3.055480587711102203e+00
2.562576697857180896e+00
2.582639612756610692e+00
2.735619789366710020e+00
3.883973095335810477e+00
3.782866862723425871e+00
2.769543710783803014e+00
4.381957361327730283e+00
2.817817042982821096e+00
3.784490239795116118e+00
3.566719333323280061e+00
2.463861286565655284e+00
3.039776352273845461e+00
2.709557751039628926e+00
2.869379185241804464e+00
3.734563630036437321e+00
2.575520991846611096e+00
3.751037844691869072e+00
