1.375936309238854349e+01
1.205510743534785156e+01
6.246390402642049366e+00
1.114021093444508104e+01
1.185225114139041303e+01
1.048104451752120170e+01
1.165722516345248394e+01
9.073802887500729497e+00
1.090861730996863699e+01
1.245792175067880159e+01
6.848539620027080943e+00
1.170200671405102710e+01
8.676062046304792830e+00
6.680601244199067423e+00
1.180635933638327550e+01
1.097593654020544207e+01
6.969164702561938540e+00
9.914092614651517366e+00
1.158300871726295433e+01
1.123911061429809344e+01
1.393242601003512959e+01
1.220675366421626151e+01
8.957671817229137190e+00
7.858350600603461800e+00
1.235790676197775895e+01
6.308413465537273446e+00
1.334091032622807482e+01
1.104140797593620604e+01
1.344344687329375709e+01
9.828198626572248742e+00
1.378252652425839386e+01
8.262857528691164077e+00
1.072610521237389136e+01
7.892322038534058670e+00
7.534285195386324574e+00
1.200004452202621685e+01
1.240865552146036421e+01
6.974735298067937350e+00
1.066610589338327486e+01
9.365608197545009617e+00
9.520454721251850216e+00
8.384428753370581688e+00
1.073467121598795693e+01
1.012979463942577141e+01
7.787435315106614020e+00
1.040978243098074074e+01
1.262774083037345108e+01
1.218148312909967146e+01
1.236597263048967221e+01
6.659387413996778804e+00
9.158239242973371219e+00
8.162523293063706831e+00
1.532320302611357832e+01
8.962824077528118494e+00
7.319210902366487304e+00
1.090642983975513403e+01
1.203080408190840167e+01
1.298868765768559363e+01
1.040392571392413501e+01
9.980764212296115545e+00
1.174196330952856648e+01
8.811832786902826342e+00
1.263836463892609885e+01
6.009789235935008023e+00
1.165987060762127392e+01
1.418662850764074435e+01
1.185476207480617639e+01
6.815878024449405714e+00
1.144561778215975423e+01
1.103056947427774404e+01
1.846700472351337652e+01
1.685897265165372616e+01
1.046328903057134418e+01
8.648776931296184856e+00
8.129912470689340864e+00
7.832099000454819659e+00
1.282382857843745860e+01
7.544060471937832801e+00
1.082834458500137487e+01
8.113943168759302438e+00
8.843447245555855929e+00
5.184706746647394837e+00
8.875608584658269962e+00
1.390269996663238139e+01
1.124373149582677378e+01
1.107444447882788019e+01
9.889709070815154490e+00
5.215911683343052552e+00
1.165906852830023688e+01
1.332818840976924335e+01
7.935559219179394219e+00
1.550174822081533677e+01
9.969063569137546210e+00
7.923037061115502766e+00
9.410268297721522401e+00
9.883905634262371009e+00
8.738929718027595328e+00
8.556321129744773657e+00
1.067575693442263862e+01
6.582707017770094815e+00
1.078885849218994863e+01
1.103071052137989660e+01
1.500221631161778291e+01
9.426305575614744470e+00
5.363448590503792524e+00
1.192347852754968507e+01
1.204752462473384611e+01
1.135293548808567721e+01
1.211243706755154292e+01
1.144981364291071912e+01
9.541422200650746532e+00
7.406033629561392218e+00
7.318158185052726417e+00
6.294446245496205350e+00
1.094520899232562527e+01
1.143447642279203791e+01
1.103881840553531113e+01
1.047593664515207479e+01
1.238286031998595504e+01
9.171606061574149038e+00
9.589756947668725218e+00
1.106190021440736793e+01
8.936411028146340030e+00
1.076838975944800048e+01
1.046177118211337387e+01
9.016580951605037697e+00
8.756537057971916838e+00
6.688010133607958707e+00
6.808651178977427776e+00
1.340104668433765411e+01
9.875243897746152300e+00
7.897787677892482705e+00
1.394651365633380458e+01
1.254924964119609854e+01
1.181118218715083579e+01
7.415986118180327935e+00
9.788916498520022103e+00
1.441607690202389591e+01
1.335243175201577870e+01
8.999574955594253467e+00
1.505971521155591120e+01
1.105786811249497603e+01
1.230445971971994013e+01
9.629613481339333703e+00
1.138953036170276434e+01
1.089086295038733354e+01
8.593015432147407040e+00
8.421798033062957600e+00
1.061927574682590247e+01
9.196819903796040307e+00
1.106619430446618857e+01
9.014727920014927065e+00
1.045782850055793745e+01
8.338557520250466482e+00
7.454475979607058989e+00
1.159165156409158293e+01
9.575081604559834147e+00
9.968121198978005637e+00
7.623318900493517347e+00
1.292521493981172753e+01
8.046317304836954065e+00
1.298749572236206262e+01
1.268568489914737363e+01
1.395267327969268933e+01
1.171989232468946796e+01
1.348109699268008654e+01
1.401823505755955068e+01
1.152864034023741979e+01
1.025218035791948701e+01
1.066169665047800308e+01
8.838251769533226110e+00
1.254293923025118929e+01
9.654430944592817809e+00
1.530293277699320065e+01
7.644066584275146958e+00
8.119617820837161659e+00
1.233007705930707942e+01
1.005271181500766176e+01
1.245577899463752303e+01
9.965656108259764778e+00
7.551477690371953599e+00
1.268423446389508413e+01
9.557113081665319143e+00
1.008744133676098187e+01
7.561839395907562711e+00
1.154801500928330071e+01
1.454762499545654286e+01
1.315795247977393245e+01
5.666393797454434278e+00
1.081065452925885850e+01
9.647695567487158286e+00
7.038961494554872189e+00
8.560747892353745669e+00
1.000239210770040543e+01
1.395686837438903005e+01
1.010878410232478686e+01
1.124481043897780452e+01
9.724334059915108242e+00
1.227618395267866269e+01
2.089563695380052621e+01
1.172435572250021352e+01
9.060048543425555323e+00
1.049495493329729001e+01
1.287402279263391947e+01
1.101980778502254665e+01
1.017992096155786541e+01
1.086556195943917658e+01
9.829617830197136641e+00
1.123664976499703450e+01
1.012332391741435167e+01
1.149224335477258130e+01
1.119896619719496478e+01
9.217797497751595515e+00
8.377537715154783626e+00
8.686243834196705649e+00
8.250596378312346602e+00
1.668253049634099128e+01
1.110598731838337727e+01
9.443759057927822553e+00
1.156804502124775524e+01
1.321379131858910227e+01
1.092207494565426629e+01
1.078163562515473117e+01
9.629480791956035901e+00
1.165125285206122996e+01
5.125036250697476703e+00
1.154914841885565480e+01
9.509007288476013287e+00
1.004501409398342204e+01
8.929570658664315985e+00
1.100002480420689466e+01
1.208693620464674723e+01
8.558675519913606422e+00
1.381268671774024348e+01
9.576475909139002596e+00
1.559881124391641016e+01
9.937881996929519346e+00
1.096051408720832399e+01
1.176493290465850805e+01
6.503178731245550459e+00
1.660769928695091480e+01
5.272041843015980334e+00
1.650389966382644857e+01
1.423579431193580902e+01
1.249727117454312619e+01
9.262198300836738341e+00
5.844945124822872984e+00
1.039562313569192753e+01
1.236954906157606793e+01
1.672480557924765066e+01
7.307342125655871712e+00
1.106607385936807830e+01
1.077288163958470513e+01
1.183975993241462099e+01
1.112706765402745823e+01
9.759527322577339348e+00
6.805745897749354789e+00
9.862313892051455255e+00
6.681972827407560267e+00
6.092607543541656234e+00
8.071194453545070147e+00
1.546004950793800603e+01
1.021009669159117728e+01
8.817369920835872676e+00
8.066947304106108163e+00
8.758096526515419811e+00
1.137891018510171826e+01
8.553352956466863333e+00
1.392448110975298192e+01
6.835073002198901904e+00
1.144476644038848256e+01
1.014375173445411349e+01
1.164116010357207998e+01
1.211495080651633849e+01
1.007981290635603067e+01
1.062343711261934054e+01
9.339803812731460653e+00
8.535785754510316181e+00
6.910055467380184169e+00
1.119425645042723261e+01
9.705010115766249612e+00
1.158886035057341779e+01
8.843504141911333605e+00
1.153119990280600327e+01
1.011944020059184268e+01
8.765983438944489947e+00
9.982327900857967506e+00
8.779520547993303836e+00
9.664385562986588241e+00
8.854404428034557739e+00
1.397205064366237259e+01
1.346469009355942603e+01
9.246008806575565231e+00
1.382530636631661025e+01
1.061313875749888247e+01
7.675026578515598885e+00
1.034628341167599785e+01
9.600399659345006498e+00
9.106040976569021339e+00
1.257304384294404720e+01
5.907352253574250867e+00
7.331915656803364101e+00
1.288121583545055415e+01
1.146608199963895736e+01
1.179429585607183917e+01
9.099037273873308962e+00
1.078356266462136048e+01
1.252058590904842283e+01
1.443443975341746288e+01
1.222032278285749030e+01
8.588623473256806307e+00
7.519187471332577033e+00
9.485439517190533465e+00
8.918741357788743329e+00
1.031263289129173266e+01
1.130776091776888492e+01
9.389941212260046299e+00
1.125682793676204696e+01
6.329807807809157083e+00
1.105476976823240598e+01
8.296754865978218874e+00
5.794388968836247322e+00
1.197018634654556735e+01
8.816849379528278519e+00
1.106478358489224512e+01
7.546435132632262288e+00
1.058055754893520017e+01
7.702406092899856560e+00
1.059960863952459853e+01
9.995325973619568316e+00
1.098030406889973776e+01
9.698280453269743973e+00
5.877798824804148836e+00
1.286107304975143961e+01
9.191640959736240291e+00
9.414145063420857440e+00
1.012769982308897632e+01
1.193731631890062950e+01
1.417730424470968842e+01
1.314565956045093742e+01
1.342845303851150973e+01
1.621947141715538265e+01
1.163598841784579996e+01
1.329437121857285220e+01
1.096764258377639401e+01
8.499553001841285038e+00
7.046975703809155611e+00
1.216345921569709532e+01
1.310510597228573459e+01
9.726875050275644696e+00
9.554592337589703277e+00
1.203686073602979434e+01
8.704036421511158750e+00
1.363112642511972439e+01
1.103289414436610372e+01
1.180154450396941357e+01
1.303528186487492135e+01
8.239255233624199093e+00
1.406814588559512913e+01
8.128040477011293063e+00
1.028236269498235345e+01
1.391930117828026070e+01
1.900658826928834699e+01
1.210569516180546401e+01
9.637677295763083407e+00
8.262294744242357325e+00
1.190223546535539612e+01
9.113911215774695762e+00
8.497831515012446602e+00
1.185851575904197297e+01
1.016241105186090543e+01
1.374676757138724170e+01
7.977439906092391730e+00
7.489471540835953789e+00
7.995053092157890617e+00
9.839311126852264167e+00
8.328592244398860700e+00
1.145379291586980841e+01
7.843057881331606751e+00
1.193909088743437863e+01
1.040123227752650692e+01
9.629482270799119448e+00
1.296897153260152535e+01
1.035801586719698264e+01
1.001049101340420577e+01
1.035932007810368027e+01
9.803381034932076687e+00
8.016832316065666930e+00
1.272230802204411404e+01
1.135561029181064185e+01
9.325060156556144619e+00
1.270962619265125326e+01
9.502828749462224778e+00
4.794532792871085469e+00
7.979031850725526454e+00
1.362023821919115463e+01
7.503570903009705972e+00
6.674730282194872188e+00
1.004312665350543377e+01
1.165080276859662689e+01
8.339000720933899657e+00
1.111233152795978540e+01
1.140562441899623636e+01
1.008946856421382954e+01
9.361348306651064988e+00
9.568079632971560500e+00
1.003763318117707470e+01
1.053912510016746396e+01
1.073384825312584390e+01
1.074906753311771723e+01
1.013989336731686741e+01
1.041568536881489493e+01
8.435115144600466408e+00
7.639924807726767853e+00
7.857751208683502853e+00
1.310704470198932015e+01
1.373068284056616051e+01
1.142882682547221052e+01
1.269053046456344980e+01
9.291358906355178249e+00
6.546848466410047251e+00
1.091437793306021575e+01
1.225121121609298491e+01
1.123313885285957703e+01
9.697943306794755358e+00
1.106731216441773213e+01
1.118291861926596908e+01
7.266835685813909151e+00
7.651689455361872838e+00
9.940662805837753524e+00
1.473166086017925380e+01
1.587395164804243919e+01
9.986178495475481753e+00
1.000719421969577994e+01
1.214463793307414541e+01
1.098216539065859365e+01
7.482554931105383389e+00
1.150517872434910416e+01
1.623655864446855901e+01
1.293814104092245110e+01
1.708194546210667397e+01
1.500439975452301944e+01
1.890450828447551146e+01
1.329760250252574139e+01
1.380411298040508328e+01
1.186025498210733531e+01
1.150654073680360767e+01
6.605417913053095447e+00
1.086611756516449567e+01
1.166084251235304592e+01
8.333335101052133709e+00
9.243974491984783270e+00
1.083902361786547353e+01
9.481081346416393885e+00
1.671255376927086544e+01
1.549348051018964156e+01
1.378132822215636999e+01
8.226442859283817910e+00
8.470474783953838127e+00
9.466583405964863474e+00
1.013354396788680489e+01
1.140528223996392043e+01
8.521999777778962226e+00
1.186207822136720935e+01
9.386193490650615701e+00
1.026810695768787518e+01
1.304337553852039910e+01
1.090292615788790087e+01
1.107072384963970180e+01
1.372190463232755953e+01
7.649652641225570093e+00
8.471842330061789994e+00
1.240691814150915029e+01
8.301784524772507723e+00
9.041599469743772488e+00
9.673037669500487823e+00
9.066008607218147830e+00
1.013139946388294987e+01
5.364436748577897873e+00
8.869168328949374569e+00
1.159862398255455673e+01
1.209599353889305107e+01
1.095010686572895864e+01
1.112591062003561504e+01
6.539849119392718180e+00
6.368823143569786183e+00
1.200271485467065169e+01
8.850759959836711488e+00
7.971696694704990094e+00
8.139316014156381840e+00
1.328259524939882397e+01
1.022511584082076652e+01
1.588915618537626884e+01
1.239689494470188258e+01
6.043775404775495907e+00
1.387366966210222330e+01
9.731862191821678110e+00
1.433903833417525497e+01
9.912187808601199634e+00
5.593782570874814120e+00
1.000892081725422855e+01
1.195270425734987896e+01
9.821149364926936798e+00
1.062243547862772530e+01
9.866594825459419127e+00
1.064368149825158483e+01
7.812124383188276511e+00
1.422290476211080978e+01
7.723949292392861210e+00
8.413879780285338228e+00
1.070068734570074298e+01
1.342413618758150839e+01
1.191908818699567263e+01
1.336821858809938846e+01
1.027539943358543795e+01
8.775004963831316118e+00
1.399560544295916031e+01
1.054695864508237335e+01
1.183415046581122532e+01
1.364674607667181228e+01
1.159429150969242528e+01
1.020632946214564107e+01
7.764799188649977424e+00
9.083507026275674079e+00
9.110275672041719730e+00
7.230316268922691414e+00
8.378890964109768191e+00
1.220305837861630849e+01
1.330244381300037837e+01
9.994182827754153564e+00
9.256168986997677095e+00
1.004790651943284274e+01
1.162858121614695861e+01
9.372647377404398128e+00
5.214471714061790664e+00
1.396625706563362534e+01
7.654805463648697739e+00
1.158817271982855424e+01
1.023624036633374956e+01
9.391276848582364778e+00
1.059779218366937847e+01
9.630461486128369941e+00
6.042065472296320294e+00
1.634021030861177337e+01
1.499504905654162457e+01
1.283238465852050680e+01
9.604018594989494062e+00
1.175448786760852471e+01
1.013797608822759955e+01
7.081629945181877162e+00
1.151313231199978127e+01
8.395123793270901302e+00
1.009738998914006203e+01
1.403291470463259216e+01
1.357578160815808488e+01
1.579235582417087080e+01
9.937802158156912924e+00
8.535233044746922459e+00
8.689513601038891366e+00
1.198168984273326387e+01
1.016595085713959001e+01
1.387703621129791642e+01
9.817647639062853315e+00
1.001926853109395132e+01
1.088469121110896864e+01
1.029649961285424808e+01
1.042660247950207975e+01
1.036963281378934099e+01
7.628587025609778749e+00
9.211949211397126192e+00
7.585456539219475047e+00
8.634290615057150120e+00
1.301614757427286762e+01
6.886076924550708966e+00
1.346300007810235400e+01
1.089206651027245698e+01
1.188636844088550504e+01
1.207783152001508320e+01
7.093383326014119028e+00
7.025813025320318594e+00
1.217098558715201051e+01
7.901010616426402677e+00
1.095243577135929058e+01
9.799154097246335127e+00
6.270816840820112148e+00
9.797703286159631375e+00
1.295509885833826047e+01
6.417152321379711921e+00
8.464979889972914506e+00
8.324060023333563763e+00
1.205648122406446276e+01
8.132471559896337965e+00
7.789230490713352495e+00
1.101831586626158810e+01
1.405486217063419474e+01
1.067272949481274047e+01
1.030636029195671632e+01
1.414583459142169808e+01
7.031580744545300909e+00
9.286828709084350209e+00
8.896601690253374883e+00
9.791776042738275621e+00
1.274058617904445256e+01
1.122757282612140095e+01
7.924930089182095294e+00
1.092577166648033682e+01
1.666188466323743000e+01
4.862483254876899252e+00
9.255850158526527593e+00
1.663798243362689533e+01
8.386735801157968240e+00
1.046094781182886457e+01
1.175873955215631739e+01
8.967506244921477077e+00
9.206820468438007055e+00
8.267850970757759654e+00
1.045862862753765121e+01
1.004678769360034352e+01
1.132392498430477090e+01
1.024908412353049059e+01
7.560242877526636818e+00
8.638310231746839207e+00
1.652546572415615955e+01
1.550864922657840772e+01
5.991769612169793646e+00
7.953369287427938694e+00
1.432351351053771182e+01
1.019021809533425582e+01
1.182892290750000797e+01
1.221886065394476972e+01
8.075626993497559525e+00
1.251859480262931079e+01
9.850425543793566163e+00
1.058527194887849987e+01
7.689338552462171350e+00
1.206365626156984305e+01
9.837648564625613545e+00
1.038714621615404710e+01
1.061653715729483594e+01
1.649970782105226164e+01
1.318142843445195922e+01
5.917588261484544532e+00
1.058655740157701963e+01
1.570226387154971093e+01
1.189683437163502866e+01
6.027772399759160571e+00
9.323049094469444853e+00
5.108579611605808424e+00
1.173360552861202599e+01
1.124341920067092460e+01
7.704922914070861495e+00
8.479536183165025776e+00
1.503559028973629275e+01
7.104413457947702071e+00
6.110263576271946384e+00
1.810525247988680420e+01
4.717377173323828998e+00
6.900929806459181748e+00
8.494022557959814534e+00
9.458808888891049094e+00
9.901853538842171787e+00
1.644515213963259015e+01
1.372764974123945514e+01
8.083494014413819428e+00
1.136426578625898109e+01
7.114649579348947483e+00
1.102191826575274547e+01
1.556058397469239907e+01
9.362441250346300592e+00
1.159718094490885321e+01
9.554084117098849305e+00
1.070160960276084872e+01
8.612192804346863184e+00
1.285085837901049288e+01
8.441096878388680835e+00
1.422819974113678043e+01
1.455771273145163391e+01
9.792253326534684277e+00
8.014336742651313017e+00
9.800110724565392673e+00
9.586984435513297598e+00
1.537167708983193748e+01
8.724504131276852092e+00
1.092404286601569652e+01
9.826789844477572089e+00
1.637520704505392288e+01
1.511839423451080933e+01
1.063763358262367653e+01
1.243346277936175071e+01
1.226952564352565211e+01
1.067374411438718518e+01
9.156571641317835741e+00
8.965763188168727638e+00
1.170181954476312214e+01
1.054450317668825932e+01
7.954102785614059812e+00
9.450418097127773365e+00
1.224608990752730797e+01
8.098503528469468193e+00
7.107990928112094764e+00
1.188195928465863460e+01
1.410380463615314994e+01
1.358674228576709808e+01
1.163323164117261399e+01
1.376591219266220278e+01
7.336393696174702050e+00
1.418508856918036365e+01
1.115215248572431328e+01
9.880907152749159650e+00
1.059430503791963751e+01
9.411451978238728699e+00
1.002996180812264804e+01
8.961374047885794170e+00
1.040178539892614751e+01
1.105007931514791863e+01
7.939183430319415535e+00
1.194156082661531393e+01
1.080795719563824520e+01
1.167354320329297579e+01
9.574207144324546448e+00
7.604767041443526665e+00
9.637258047713848086e+00
1.112844391990433479e+01
9.643011031064418148e+00
9.705912105946955748e+00
7.601948496917747988e+00
9.902076182858310816e+00
8.153545922395844414e+00
1.147759394000756750e+01
1.285388488395571649e+01
9.687529332612637489e+00
6.636049443714435725e+00
1.131649584782579510e+01
1.105969477177747962e+01
8.705362033108961839e+00
1.310807947352642699e+01
7.233223474835794420e+00
8.008192780196026206e+00
1.184784823077941596e+01
9.109019499085411198e+00
1.361961213337183629e+01
1.098407704396593587e+01
8.398375346227554772e+00
1.141599234179319389e+01
7.310661648136255408e+00
1.103925588250400658e+01
1.373400900851656381e+01
7.049768575182667085e+00
1.186329387682721759e+01
5.950920166305186498e+00
7.241417196146461066e+00
7.390059171307334474e+00
8.715059669709605217e+00
1.336449343067530471e+01
1.335865956595589665e+01
1.165454800332097030e+01
1.931185816022073709e+01
9.706550448096319172e+00
1.119948593643137613e+01
7.564839261044912888e+00
1.338365230574099840e+01
9.669078388889358777e+00
1.090506002574565336e+01
8.437318674407856989e+00
9.824855870309818329e+00
9.643675507402353020e+00
9.044063603247495919e+00
9.028743714484850358e+00
1.114900077229019715e+01
7.274127203036753642e+00
1.940652071033845516e+01
8.812328507250803966e+00
6.919937960478105055e+00
6.547199740352177777e+00
6.678044713349025052e+00
6.912037924391106536e+00
8.660145588526720672e+00
9.508687278406217303e+00
1.177100036751708245e+01
1.687329339544046647e+01
1.027803144619448972e+01
1.366373123473911377e+01
7.984572438909545156e+00
7.816477865943966208e+00
1.122101096326156267e+01
1.005751088466428023e+01
9.985000718134410036e+00
7.805065825166296989e+00
5.381650807240299983e+00
1.021605246902894137e+01
7.785985892432042199e+00
1.251192718988524177e+01
1.114872783364463871e+01
9.290922525328038972e+00
1.201868915337986188e+01
1.120376287306122265e+01
1.070863086723590385e+01
9.550648842372464031e+00
9.985641168553172520e+00
5.705854325632705226e+00
8.858251251617261346e+00
8.339529411881137833e+00
1.108243769165479620e+01
8.756832501344637976e+00
7.871487112339954351e+00
1.039779637141260338e+01
1.171825640489536902e+01
7.914599093159807808e+00
1.685305815687466691e+01
1.175335002930207473e+01
1.389524571613216963e+01
1.401171417895133331e+01
8.505848194826867825e+00
8.445394809491611809e+00
1.113871857386387987e+01
9.269688425830445055e+00
1.319815154713939442e+01
1.349543562215479753e+01
1.509137446768736979e+01
5.965495817662425537e+00
9.100242722729547040e+00
7.355758990178835610e+00
1.401908698475022419e+01
6.512821875661453319e+00
8.538762849566580826e+00
8.645943365306257178e+00
1.150592503839306247e+01
9.145712465445340555e+00
7.746781037945575932e+00
1.320773212712565936e+01
1.408267260690629286e+01
6.269976013913324486e+00
9.327847550007094313e+00
1.048070803569214959e+01
1.119014471806993427e+01
1.894733118491867074e+01
1.621680882299551385e+01
7.322474450626183184e+00
1.112569392688957315e+01
8.237183410685760876e+00
4.571199518251829019e+00
8.927603478578820528e+00
6.748904131490744973e+00
7.411339086719837432e+00
8.180116755917056892e+00
8.767538327390553832e+00
9.659403535406418939e+00
1.559702775652805329e+01
1.219068974148310147e+01
1.197127549430806326e+01
9.240502099206501896e+00
7.261111720878561826e+00
7.736969987592874354e+00
6.716448791248110339e+00
1.116193971909472893e+01
8.749545828969797157e+00
1.081544045814498567e+01
9.800046132037424584e+00
9.060893834826092785e+00
1.659070568638542298e+01
1.581531157348658212e+01
9.389312683681254157e+00
1.018367990102826681e+01
6.768754688532698793e+00
6.311205271006569362e+00
1.007116000503082631e+01
1.213978799402466890e+01
1.114794425122276067e+01
9.371780166622178498e+00
1.161773168896055353e+01
8.888697633939262488e+00
1.381562814064338518e+01
9.680541633537428581e+00
1.340383937237331224e+01
1.046311787689526795e+01
1.352105218045774215e+01
1.120170081415766283e+01
6.075441429677144178e+00
1.420765782138813371e+01
1.129326300840631880e+01
1.134016133997604925e+01
7.116933652413383271e+00
1.243774542274890038e+01
8.514206258049878073e+00
9.712427125353155333e+00
7.894500540323853066e+00
8.130441104074206393e+00
8.807991689708337901e+00
1.188438219300277865e+01
1.176176617338562380e+01
1.252767913451590864e+01
6.038605140240797198e+00
1.372000246547664304e+01
9.242702786620140998e+00
5.423049011826401866e+00
1.175227867290938022e+01
9.898944198563345509e+00
1.189099831840259824e+01
1.059645804264841473e+01
1.002678540172150257e+01
1.153556305533340876e+01
1.246975279744701126e+01
1.240013107085039579e+01
1.014229440723229203e+01
1.493492602479464892e+01
7.791563920474796845e+00
8.827412782993917517e+00
1.479383724085683838e+01
9.148001656692553496e+00
1.050802654969458949e+01
1.419172533376779732e+01
9.112404174784034083e+00
8.251120554389565598e+00
8.174662116358549113e+00
7.619897439648549486e+00
8.993219132579742592e+00
7.506433195984946849e+00
1.205867334729931883e+01
1.360413536443380522e+01
1.006763978671002668e+01
8.516575515214849901e+00
8.669443883896365222e+00
1.161209505164741174e+01
9.206016642275113071e+00
1.431512757656201984e+01
8.469178681543487741e+00
6.810718949322460247e+00
1.161986213099620890e+01
1.316139289601023243e+01
6.605347523959945732e+00
7.955287931352131636e+00
1.163458072916207797e+01
5.966253382889622259e+00
1.323825556816021454e+01
5.563865633980457304e+00
1.294079399842240008e+01
5.020220910557021909e+00
8.322149548850187983e+00
8.068866438188070589e+00
8.098085179786288279e+00
1.026459781113010195e+01
1.036118940247594367e+01
1.184091607925352818e+01
1.046415004879711041e+01
9.687981922730660500e+00
9.201914813905659685e+00
1.076245795366746094e+01
7.341407900974081358e+00
8.980426140442485661e+00
1.008463583175578826e+01
9.094554406879762354e+00
1.260236593296689556e+01
1.207881189991493542e+01
7.531848830027604969e+00
1.483232528876026990e+01
1.467713870600313797e+01
6.616242738015565727e+00
9.858976951851822434e+00
1.141367045190294149e+01
1.134129585456956235e+01
1.012707163647055353e+01
9.104242889673638928e+00
9.804309803469774209e+00
1.000415585079772285e+01
1.360639495022537915e+01
9.586701894614490627e+00
9.149388865101677482e+00
1.081667712485961275e+01
8.191942061416460419e+00
1.240443086296019359e+01
8.388596047157397706e+00
5.844128332780454294e+00
1.545203497227038270e+01
9.034808691734529162e+00
6.809725122736644209e+00
1.453380645442143404e+01
1.276417977432529582e+01
4.740914099532565373e+00
1.088061930983648296e+01
1.505511270004967805e+01
1.607163569857231522e+01
1.353567630795395260e+01
1.135611873927150661e+01
1.389752573611242781e+01
9.929451407726901380e+00
9.921938533791859527e+00
1.200144266167044194e+01
1.356460718652975572e+01
1.027257035840355570e+01
8.107556622330774232e+00
1.267250785078895703e+01
1.224483458450125539e+01
8.095715585821759319e+00
1.097327762774041560e+01
7.151774513227580954e+00
9.368080846086924041e+00
9.620430312972537479e+00
1.152201995324020878e+01
1.159671603548050811e+01
1.051165180179859249e+01
