1.649684532172862816e+00
1.790281556382126382e+00
1.309447883505448829e+00
1.496151253791648150e+00
1.841287661942780041e+00
1.617071635498208870e+00
1.562564262642335944e+00
1.532675579381337583e+00
8.536224296856080862e-01
1.254085922871313485e+00
2.055437175414286166e+00
1.655936852372540846e+00
1.734272987864288851e+00
1.461931350101732585e+00
1.423529187748098668e+00
1.892826646309950345e+00
1.684755344457439463e+00
2.086320941035616272e+00
1.892533643557570588e+00
1.810885848471092352e+00
2.234215698386987636e+00
1.877274125602915955e+00
8.634766736904244677e-01
1.895041722209223511e+00
1.384064499012365168e+00
1.241828390841781760e+00
1.432599678901328222e+00
1.566881761638436288e+00
1.843401192605842454e+00
1.507109443511896352e+00
1.691285378140376494e+00
1.703547954298556988e+00
1.509511859231992714e+00
2.028371713255200159e+00
1.277313100504329446e+00
1.095022206784237895e+00
1.183824226907037147e+00
1.595360641523434264e+00
1.802832871090144007e+00
1.013266053139471046e+00
1.140868020321744281e+00
1.850305995411621884e+00
1.132643655002174121e+00
2.219956710738674843e+00
2.501698834326047560e+00
1.669205960788424647e+00
1.604109212749741165e+00
2.448280065407086425e+00
1.309606479526862266e+00
1.396766603552334063e+00
1.267893557262381954e+00
2.122511447799884543e+00
1.663689413044382004e+00
1.371484495084913657e+00
1.158251438081271845e+00
1.586087749796765145e+00
1.535043214291071489e+00
1.668462215761201017e+00
1.905953274676178033e+00
1.606613444910878652e+00
1.472625544655554730e+00
1.847742878951383450e+00
1.937617255648441894e+00
1.282098702976436799e+00
1.182277758302807680e+00
1.701871389431649728e+00
1.362899198453948912e+00
1.455735134837611522e+00
1.770041316867223546e+00
1.761960370535835319e+00
1.295845185988364401e+00
1.841632297950393848e+00
1.755153680251750448e+00
1.410413102531618001e+00
1.172034259130403377e+00
1.447251036880852215e+00
2.247943566338547861e+00
9.396638234843384119e-01
1.547041608934423440e+00
1.470714380609781990e+00
1.456662172161529156e+00
2.204546759454887095e+00
1.946614673010281349e+00
2.301079690998785843e+00
1.793295372992727454e+00
1.473279089680843423e+00
1.265651321457371914e+00
1.505539108817619764e+00
1.739302103969748492e+00
1.022706065781047391e+00
1.520710067781350538e+00
1.350921894570586534e+00
1.819690310450696291e+00
1.581751440301357059e+00
1.974763662374922957e+00
1.292695380087328871e+00
1.515882013604785916e+00
1.535881810155206750e+00
1.205302435738771827e+00
7.995265300187300861e-01
1.172351793472323767e+00
1.941127865529819196e+00
1.080530265052482175e+00
2.098305537504306706e+00
1.540149191636310144e+00
2.238288341522064684e+00
9.170108092494934082e-01
1.574288542634934895e+00
1.559521102726755259e+00
1.887145954921103819e+00
9.858276167951374180e-01
1.972914712235693813e+00
2.114874382367109451e+00
1.494464020701426366e+00
1.464794389390865925e+00
1.266234123407842693e+00
1.423879929645937903e+00
1.207956765531255527e+00
1.884061767825151001e+00
9.485607950704165736e-01
1.929501736623160602e+00
2.474597582435938303e+00
1.154541056989165426e+00
8.845363388048057551e-01
2.789305141071983130e+00
1.357856115955805576e+00
1.274111981921241865e+00
1.695371624885478212e+00
1.352872291209112454e+00
1.488011060817172382e+00
1.319188926646885696e+00
1.988326922234486815e+00
1.533295295566294181e+00
2.990637004375510166e+00
1.088302122221667112e+00
1.785342392418870716e+00
2.126327167979178867e+00
2.201036068960737779e+00
1.690542364379475693e+00
2.184109092058722279e+00
1.132776809953546460e+00
1.380204159369147421e+00
2.260903343321707837e+00
1.400144349191084103e+00
1.928820172953940260e+00
1.682762183606452133e+00
2.391774535489708864e+00
2.087886371626844539e+00
1.509438325431984529e+00
1.602985378730557464e+00
1.665244190276054415e+00
1.175640317057762285e+00
2.044028626148620020e+00
1.245131116259554194e+00
1.446448357773582938e+00
1.122882710174472720e+00
1.632290554981142838e+00
1.794725837703127880e+00
1.449177017872643525e+00
1.336620958614302745e+00
1.763988104090422393e+00
1.749179656661366655e+00
1.756689645337426775e+00
1.080474245148814738e+00
1.075866195265879455e+00
1.579925590342971642e+00
2.585972846122477797e+00
1.397715725830779077e+00
1.980127271861310323e+00
1.458846432344786503e+00
9.877967198938728544e-01
1.723380706421458353e+00
2.255035859595698966e+00
1.750845619726664193e+00
1.224946375293222367e+00
1.896638198877965475e+00
1.885613252592337474e+00
1.320808834913668850e+00
1.825292813483193166e+00
1.601652238891699387e+00
1.608501161839560156e+00
1.336375361041627352e+00
1.991621964182598514e+00
1.269104443748644062e+00
2.321844610239224949e+00
1.299890045601632904e+00
1.704808739802010420e+00
9.463434655706493004e-01
1.420283632510027649e+00
2.161383830105291448e+00
2.053058568429527941e+00
1.157863745465959937e+00
2.585164182934817756e+00
1.221265654418673741e+00
1.845517300633944480e+00
2.385154459504509994e+00
2.389166894283909048e+00
9.619965608803344725e-01
1.697749266113117939e+00
1.240663131524193608e+00
1.824481229834201024e+00
1.999504929377281304e+00
1.388331178779191433e+00
2.391723504777592879e+00
2.560527467024176218e+00
1.962920203058872382e+00
1.507815654249016202e+00
1.066767723919700206e+00
1.876408280318098143e+00
1.407614608446195126e+00
1.581389573551427841e+00
1.520215298106915913e+00
1.398879391314385545e+00
2.013536927356621931e+00
1.042620711104673470e+00
1.414617317977613142e+00
1.991465920950680646e+00
2.139394528955385955e+00
1.096885929305160046e+00
1.711874930533887840e+00
1.688038391397346238e+00
1.364177471075898929e+00
1.233683126597925339e+00
1.799117354723884343e+00
1.250868248410808903e+00
1.654987143965216179e+00
1.982652840466655242e+00
1.519172893351926845e+00
1.524351128482508866e+00
2.367722947997613403e+00
1.625983595124484093e+00
1.799675540292225318e+00
2.581750117279662415e+00
1.266125521357514216e+00
1.297629755119651840e+00
1.232253327183890246e+00
1.684510970177352185e+00
1.666672585243513138e+00
2.707370374320908546e+00
1.669213474487383664e+00
1.141526850126755921e+00
1.947693053305779465e+00
1.616659460527733350e+00
2.030390060698578303e+00
1.159175909882593558e+00
1.642430910497203245e+00
1.648312152057647584e+00
1.776161398832648786e+00
2.180347655336639434e+00
2.080173453725499666e+00
2.240739565775044628e+00
2.102002422618249877e+00
1.808639563133844996e+00
1.765773590312014640e+00
2.380063901961942729e+00
1.366541754688403776e+00
1.503654620673448017e+00
1.215185190566755891e+00
1.823712782039342173e+00
2.002966374010946460e+00
1.703115616220752138e+00
1.426846794188183498e+00
7.929103995953290518e-01
9.836115583440061538e-01
2.127843585283442973e+00
2.735842390926816137e+00
1.465691734671193514e+00
1.715655247045256626e+00
1.474090308780822145e+00
1.817001156439521647e+00
7.727572801751430021e-01
2.034143228949459647e+00
2.656785585455051724e+00
1.391223510699551413e+00
1.781977452630166159e+00
1.600636128374499423e+00
2.743201205484465888e+00
9.708144872984735274e-01
1.672915596609018563e+00
1.013628824399419148e+00
1.667038275932687164e+00
2.258786144264580020e+00
1.589561968257313662e+00
1.772493577891830485e+00
1.971556717103378542e+00
1.264595952988039729e+00
2.051778558016416731e+00
1.293607746352624766e+00
2.172100881383431492e+00
1.914415336037120774e+00
1.823941758185141371e+00
1.407213520004689133e+00
1.307286556977265146e+00
1.967620154523793241e+00
9.492540046715138846e-01
1.976925660493747738e+00
1.532012245181693988e+00
1.910012680500328797e+00
1.317675347386779272e+00
1.295654116220246177e+00
1.770620907034106128e+00
1.612171625155641497e+00
1.281998614176695916e+00
2.384211514580407254e+00
1.986525187968438910e+00
1.432037937219658552e+00
1.170167249605493121e+00
1.907866296356371283e+00
2.053635271672466622e+00
2.189136990508591563e+00
1.204342536262856367e+00
1.094453029488308360e+00
1.317064671612042659e+00
1.833602870129223961e+00
9.057297024542644293e-01
2.807454648261130448e+00
1.918767325223705189e+00
1.320823359834154997e+00
1.477444404153702262e+00
1.653663833839210451e+00
2.794214176688231355e+00
1.551772709342036372e+00
1.335528905654884690e+00
1.702407969267027754e+00
2.156865860732974483e+00
2.745969098648235018e+00
1.650910396469753127e+00
1.286269637067120941e+00
1.356652897771824851e+00
2.221468861198218736e+00
1.892425603486911356e+00
1.767564383690069185e+00
1.830370653482358723e+00
1.351206624529058598e+00
1.187063909548144336e+00
1.180743874561819728e+00
1.614152276414058784e+00
1.624099975741965851e+00
2.263786762966731203e+00
1.407450715382089435e+00
9.819545235350152224e-01
9.974654554732089728e-01
2.236505580541224170e+00
1.691715269112215037e+00
1.138035758406204412e+00
1.383109110507265704e+00
1.932834536838059503e+00
1.165542352453686314e+00
1.981386984355421266e+00
1.571361616190324551e+00
1.596865632577734839e+00
1.332848794455614883e+00
1.633017706790438117e+00
2.519353348429362427e+00
1.517449323007461714e+00
1.670055571855095788e+00
1.365156967836131496e+00
1.598077494064760629e+00
1.513681442310097935e+00
1.231256371396274751e+00
1.667758407807841348e+00
1.179698313007417010e+00
2.626169755407669726e+00
1.636541515217121656e+00
1.333648991707335973e+00
8.796110293734591412e-01
1.097576834093235254e+00
1.129879583823520939e+00
1.148637918225853261e+00
3.255605998539530255e+00
2.609484753709150340e+00
2.251137832042882092e+00
3.438288096838700181e+00
2.662096472968021210e+00
1.306144473966413422e+00
1.975823561334028700e+00
1.220346742037058174e+00
1.432922202483080554e+00
1.558974715396625577e+00
1.700219691851188264e+00
2.032349337623319929e+00
1.645747010281565892e+00
1.529802378192473222e+00
1.189717363482758694e+00
2.515844503296728263e+00
1.727366765528350001e+00
1.474690875241996713e+00
1.211071844071760051e+00
2.583500363950786305e+00
1.213269732852911620e+00
1.938632407257963486e+00
2.030956756180418932e+00
1.341329757846852155e+00
1.281872468914809104e+00
1.877310513542223225e+00
2.073224513385962808e+00
1.657942418216557190e+00
2.578394896208461518e+00
1.709917319692214166e+00
1.664515769920437149e+00
1.679804040884994798e+00
1.804311449232106845e+00
1.280307787836501010e+00
2.074411742289019145e+00
1.845677375409209953e+00
1.338813097131211549e+00
1.369171446895915967e+00
1.174098472747519439e+00
2.364798433539172962e+00
1.148520071190151759e+00
1.159715110402115723e+00
1.596883839646245029e+00
1.319598219289694674e+00
1.349352299181751480e+00
1.458058005531297052e+00
1.365868110428383186e+00
1.852889300335616163e+00
1.737352062597557811e+00
1.311767624506230190e+00
1.745476331303220663e+00
1.322283078510654963e+00
2.333069059508659837e+00
1.514568437042854487e+00
1.718693366829242786e+00
2.860519150581863457e+00
1.381917794238187280e+00
1.357171375042793615e+00
2.068819817124886828e+00
1.750276944024925063e+00
1.355697043203166752e+00
1.742507361766849838e+00
1.117993875515526758e+00
1.323540657525748010e+00
1.607216898156138329e+00
1.520523473394713942e+00
3.127757840337267226e+00
2.197998864682849884e+00
1.912029585778520335e+00
1.290394043689298886e+00
1.844854582781701779e+00
1.664890302317507675e+00
2.200719059088557472e+00
2.049460850399148271e+00
2.172913152799983649e+00
1.532123004627718998e+00
1.438878086761111952e+00
1.910805412197473796e+00
1.946306186447051001e+00
1.477660200837411564e+00
1.746606168961663430e+00
2.445030947308122204e+00
2.533906276513161693e+00
1.600230188143118237e+00
1.355517557931656070e+00
1.777164672551672764e+00
1.822492596618262795e+00
1.451230167145943550e+00
1.618662845654497140e+00
2.593692266434602267e+00
1.736604684970525669e+00
1.327271949259752448e+00
1.165580888760379130e+00
1.069656641660692298e+00
1.333861225083718516e+00
2.223137020904360828e+00
1.486232711859274191e+00
1.695566500066127080e+00
1.756458028626275869e+00
1.837925258011285923e+00
1.432568191604583596e+00
1.719604736515436993e+00
1.387171382108536966e+00
1.734795166932679100e+00
1.211154393630644366e+00
1.680827961148038785e+00
2.180883458387210538e+00
1.115430045289356853e+00
1.033965055947736467e+00
1.298070143984454639e+00
1.628936134401452795e+00
2.042032958769736339e+00
2.904761628598503620e+00
1.017402793107580639e+00
1.138440537252858986e+00
1.980172443228088053e+00
1.966525244312286258e+00
1.109999175499638779e+00
1.918516503761058534e+00
2.310051571512105273e+00
1.786277995429483845e+00
1.194785414667415946e+00
2.417987299041524984e+00
1.070685090167071252e+00
1.270769578802763089e+00
2.298230141079782296e+00
1.706745127107140547e+00
1.413606561841609377e+00
1.586362398115818140e+00
1.339136935950834495e+00
2.707297893093580932e+00
2.169434566069920134e+00
1.825824400473182951e+00
1.489042842783328435e+00
2.879390534902899201e+00
1.469800467854708748e+00
8.470133209852157563e-01
2.003436070249670298e+00
1.090830784912993234e+00
1.736085202246346437e+00
1.529369941242891162e+00
1.847203990530639217e+00
2.269154550483182931e+00
2.095209674675717171e+00
1.311932728612170695e+00
1.104394894392914050e+00
1.783384046253251087e+00
1.684388076292368197e+00
1.897827027424567659e+00
1.182714639336307050e+00
1.957541050927229742e+00
1.227533269850770825e+00
1.283202778379414877e+00
2.219766500598151282e+00
1.436706123380887323e+00
1.105309901012454521e+00
1.181489542056696873e+00
1.682986854483566663e+00
1.596338300292294843e+00
1.211775040794573766e+00
1.312555454959673629e+00
1.171314361719502539e+00
1.291838429128005838e+00
1.339061915864969921e+00
1.939365614549618755e+00
2.185678400283982192e+00
1.792204471751574157e+00
2.284682640360568673e+00
2.239794048264884818e+00
1.380869763358741897e+00
2.211424024916380571e+00
1.381338685859191617e+00
1.522342243393747463e+00
1.563263257034679166e+00
1.606850253719781518e+00
2.758827325150440934e+00
1.837762044824560181e+00
2.475772925615713049e+00
1.849007093611231722e+00
1.453620246925368065e+00
1.919370188433660251e+00
1.466033908584775336e+00
2.248418161761009060e+00
1.233460985584518887e+00
1.616523376291366665e+00
1.548762665914998671e+00
2.045935071104061365e+00
1.617440553636809497e+00
8.184004359587663258e-01
1.382132233981941960e+00
1.271033499634819819e+00
1.323931356436156115e+00
1.368697501452562193e+00
2.353717244282357512e+00
1.128282314589960977e+00
2.368154978074772821e+00
1.627502972413802151e+00
1.192811943884716452e+00
1.413471927443317844e+00
1.247258596646669604e+00
2.466334263056806364e+00
1.305772804314140778e+00
1.586607629289043420e+00
1.852037467900613077e+00
2.358366261970037847e+00
1.872189327022366401e+00
1.632614603955100385e+00
2.563828075100980541e+00
1.414866049535860704e+00
1.497061134985847364e+00
1.319688134902873511e+00
1.136748176087695406e+00
1.332118312268249394e+00
1.332851349093727045e+00
2.605742525357572337e+00
2.172132010219901765e+00
1.041028160588485907e+00
1.963321249514803579e+00
1.419053517096887873e+00
1.808670239723928042e+00
1.592856740923008552e+00
1.304154453759084120e+00
1.854750295261496706e+00
1.211116530840956163e+00
2.100499623639860314e+00
1.170889544765997048e+00
1.960178540391964264e+00
1.617011762617432069e+00
1.357886073613856492e+00
2.518764754240312875e+00
2.082052417472945116e+00
1.870450021494850956e+00
1.704218619759933606e+00
1.255070865034874306e+00
1.197851098939587633e+00
2.034439767993666770e+00
1.508598292111015926e+00
1.318714607259897198e+00
1.949704343958083674e+00
1.616285825262049558e+00
1.922073456941689074e+00
1.572237413744362655e+00
1.140488449654039949e+00
1.603584263400309906e+00
1.371882211095188708e+00
1.599084011004871408e+00
1.750131772392633511e+00
1.626325093964814616e+00
1.262040165156601113e+00
1.399502763667082261e+00
1.651632626397461889e+00
1.443317503169525118e+00
1.578896456097031331e+00
2.544091429325201048e+00
2.287334939568574477e+00
1.911236135515931522e+00
1.487643823984615254e+00
1.941054247576511793e+00
1.557830221831995487e+00
1.566350770775490897e+00
1.793965123310411691e+00
1.369224783755749186e+00
9.744944163408778559e-01
1.751248568427254071e+00
2.003363829815725250e+00
2.166699086283278675e+00
1.435391942032683721e+00
1.091242776240201273e+00
2.889660361149501533e+00
1.095135369697183503e+00
1.507008631763864237e+00
2.031691240568550771e+00
2.016004026059765142e+00
1.072754346523489444e+00
1.565577439194343112e+00
2.331746043015770375e+00
1.080807585642040491e+00
1.226817757179498702e+00
1.371144749136365526e+00
2.211360846943001945e+00
1.848980200165258658e+00
2.183731575742444697e+00
1.514101191761275889e+00
1.874555068002432101e+00
1.994762945319281000e+00
1.265278224955976416e+00
1.845166036312128943e+00
2.370487467263356685e+00
8.280679521668392606e-01
2.053798828735927007e+00
1.470551321889943530e+00
1.049902525435975509e+00
1.236991107857270178e+00
1.002360202362284625e+00
1.828031873859154999e+00
2.054028161021541177e+00
2.140899769073056902e+00
1.302153888547758376e+00
1.022467997544553420e+00
1.191340494251105886e+00
1.249421710333405544e+00
2.953835865975395159e+00
1.827579765693710723e+00
1.160249392341313524e+00
2.313675221055429887e+00
1.495374865291015931e+00
1.883572710398568661e+00
2.024038487388314600e+00
1.330129606140628251e+00
1.942439166038570253e+00
1.649376488267548346e+00
1.108174088103405452e+00
1.733952880011574660e+00
1.301133331155884143e+00
1.602508444301448121e+00
1.144858710317140815e+00
2.346846782386679209e+00
1.776916574878974808e+00
1.388212853824153381e+00
2.062398359758728539e+00
9.670281249284731206e-01
2.583097036533265722e+00
2.312932897304973423e+00
1.992513468188584547e+00
1.721710447583236547e+00
1.806617344568471228e+00
1.222538173510175685e+00
1.904746429920130879e+00
1.443415480056062350e+00
2.305148696861536894e+00
1.877352526637321883e+00
1.524646139796764555e+00
1.171054313241643996e+00
1.918642736725749920e+00
1.657671711558668548e+00
1.282028210714521776e+00
9.879923622413838702e-01
8.462121768235518759e-01
1.239966629007940746e+00
1.749279722000670390e+00
1.448569860817276789e+00
1.300213229094183687e+00
9.020303051163381935e-01
1.259123289798816270e+00
1.653013207170383803e+00
1.403095779245076891e+00
2.003694781664407287e+00
1.734569895512880766e+00
1.692058205147017658e+00
1.846996992696617657e+00
1.295295264737872598e+00
1.289554539506974740e+00
1.464911538090017284e+00
2.303188875627864007e+00
1.592979574397599407e+00
2.279453561569436459e+00
1.389719868686936977e+00
1.572568219288106306e+00
9.854297269984212404e-01
1.223571142539580103e+00
1.364949594056513504e+00
1.755276801223789818e+00
1.788026536695340507e+00
1.568680715226611788e+00
2.983363267517326722e+00
1.340636869872454007e+00
1.260918601472119427e+00
1.326703954753706949e+00
1.196663832707115738e+00
1.775839087126717564e+00
1.550556143288651878e+00
1.813749543171010226e+00
1.461700117693450540e+00
1.139432428227260097e+00
1.956812313414609594e+00
2.077791869839330285e+00
1.555955433812388877e+00
1.306098578399093046e+00
1.441667627189721523e+00
1.379995671962827686e+00
1.237167464163665631e+00
2.395687585709326051e+00
1.228428835534771224e+00
9.461427228191693350e-01
1.688823134837292628e+00
1.070707692010637091e+00
2.088991344726318644e+00
1.324342600813121162e+00
1.446015588135279639e+00
1.642906454139168693e+00
2.343647535398840631e+00
1.132202573704863102e+00
2.154618220869088496e+00
1.038157567663507086e+00
1.861518031557374053e+00
1.560612970929169840e+00
1.784601086148478455e+00
1.722798177690820109e+00
1.316465059469928978e+00
1.250697155067033828e+00
1.764341445970853295e+00
1.310252814698270818e+00
1.358671892151568139e+00
8.772619153646685763e-01
1.182690591879109077e+00
1.557077215551951888e+00
1.451981251977062293e+00
2.024493421825054096e+00
2.088673215624972546e+00
2.305307233376926224e+00
1.268684171114237591e+00
2.422987893264959780e+00
2.060686524987444646e+00
1.837919497645543521e+00
1.865837230967590799e+00
1.873336293450155843e+00
1.752750259261742549e+00
1.042550766081699276e+00
2.687080200165574695e+00
2.478622066019115611e+00
2.168995429205032632e+00
1.542768307895535429e+00
1.991489281068308248e+00
1.094708714930630045e+00
1.183723706460069636e+00
1.359998301186751579e+00
1.669517737999318907e+00
1.258309392642920077e+00
1.592834827724087354e+00
1.154161829027454900e+00
1.318081481401519595e+00
1.789734701326827437e+00
1.394385470594899035e+00
1.435236952485599460e+00
1.528259286711071141e+00
1.825732151716046303e+00
1.109507419301215769e+00
3.393430189868953839e+00
1.251458608690425356e+00
1.999393724569960451e+00
1.530009945581372488e+00
1.938877293959413217e+00
1.683785401426687311e+00
1.921542295777761034e+00
1.318554626244351047e+00
8.270701055274678470e-01
1.410704233697744225e+00
1.733280656832758559e+00
9.919733116925024685e-01
7.497185296064170501e-01
1.401048829220926439e+00
1.399012489243042223e+00
1.741120422368342968e+00
1.455900985420564231e+00
2.458202061846797903e+00
1.974368872515427142e+00
1.650515815412372245e+00
1.170671194228369627e+00
1.227766618058187209e+00
1.903341232377478320e+00
1.242398226274675999e+00
1.947546860826227189e+00
2.549201603732441868e+00
1.219951822679904652e+00
1.050818453980639555e+00
9.159538664747182146e-01
2.284982195177869713e+00
1.855398618412336553e+00
1.541990944344982184e+00
2.102766541888487772e+00
2.315923400310446745e+00
1.464392618497292631e+00
1.324945995319789960e+00
1.355703188845953422e+00
2.053463703799468298e+00
1.950240006585988617e+00
1.182017041358070619e+00
1.665828084463316205e+00
1.571521412403578566e+00
2.245556944837037161e+00
1.597404159253318578e+00
1.393631083586029273e+00
1.464244737785856287e+00
1.452437623379684517e+00
9.259832523758366740e-01
1.566576094655079965e+00
2.047469895260852990e+00
1.189522515644857892e+00
1.453175828242222245e+00
2.073778188817170687e+00
1.237251699044905839e+00
1.269023028764441730e+00
1.583356286529673085e+00
1.875265146288983109e+00
1.296084942928262373e+00
2.118854242802575172e+00
1.650525185324329236e+00
1.814769668465570751e+00
1.383570713826866250e+00
1.527264494111254312e+00
2.188734308424778341e+00
1.361407024887856032e+00
1.765523363763254583e+00
2.469760314579294125e+00
2.337178482089185660e+00
1.260255065909136274e+00
3.103572699954846748e+00
1.826846334339588207e+00
1.463010459366520521e+00
1.333593349578135800e+00
1.395426089787920931e+00
1.048780123047885482e+00
1.909624265989494418e+00
1.685224656894357409e+00
2.152138754619408623e+00
2.827391368544507344e+00
1.205898303300746655e+00
1.519072591380029813e+00
1.203601117020941969e+00
1.495182714226254816e+00
1.828802447166445244e+00
1.852692335372712273e+00
1.908563540259364810e+00
1.641613441843088328e+00
1.959328861008014622e+00
2.393162195431684403e+00
1.114632605941978660e+00
1.484484941115762124e+00
1.423604431961947192e+00
1.441497646579114278e+00
2.483077077042464609e+00
1.882160275724844123e+00
1.641679120081570353e+00
1.844553377333140176e+00
1.511795578967183751e+00
8.867077082215331085e-01
1.911142162063010241e+00
1.438260124863327327e+00
2.036571729832068023e+00
1.623836249640174811e+00
1.864169243144021770e+00
1.922594940218690152e+00
1.313649849063654784e+00
1.672866486282419407e+00
1.408209889924349589e+00
1.498505428417298724e+00
1.346359423964660351e+00
2.015019908094794587e+00
1.329822917823928918e+00
1.181186914215136996e+00
7.253025046227526973e-01
2.521436094935378236e+00
9.370281985693067472e-01
1.542337103294136647e+00
2.115688967570745316e+00
1.365284810910484481e+00
1.340370934327395291e+00
1.526385700056007266e+00
1.706678174457731512e+00
1.164450923743718613e+00
1.217664653480952985e+00
2.248511143582226701e+00
1.398078664340986821e+00
9.296952494724242122e-01
2.075603226806698842e+00
1.844936048780172921e+00
1.427611594313967558e+00
1.819390977741528248e+00
1.515358054430047341e+00
2.296485121185411593e+00
1.320139463865760199e+00
1.258920725808001073e+00
2.102451631035568091e+00
1.743800962308429181e+00
2.203929263994543142e+00
1.746007740825415988e+00
2.238474929997086971e+00
1.817395601275213268e+00
1.276473200835098742e+00
1.207788807920540997e+00
2.162465912080421049e+00
2.204281730477932300e+00
1.429506157337909311e+00
1.169691697762572424e+00
1.119499315252910687e+00
1.244412818668232834e+00
1.343906400471594154e+00
2.562599844222744672e+00
1.092938437651769457e+00
2.123139273022637941e+00
2.061133379692498657e+00
1.350602177300403106e+00
2.372184784066165175e+00
1.081333914699099230e+00
8.672871538119497625e-01
1.549453264466770452e+00
2.129551995867756897e+00
1.363112492049524560e+00
1.029532454050207102e+00
1.721258253282980766e+00
1.911617368019974172e+00
2.320964098748675486e+00
1.231396634020304859e+00
1.887015724056235300e+00
1.463649186596273744e+00
2.019894455541756173e+00
1.700482430244374399e+00
2.282687383861357944e+00
1.614563454781549279e+00
1.668388520703302458e+00
1.303938812276458581e+00
1.608246122961453528e+00
1.567101661125281709e+00
1.164642882237788779e+00
2.107836030905414937e+00
1.833913711295086735e+00
1.488709794301320333e+00
2.972709948479137498e+00
1.322491184889173166e+00
2.397865301427580143e+00
1.191835334892963338e+00
1.648589532326584894e+00
1.571976944380783170e+00
1.266491985585309177e+00
8.873466102337155270e-01
2.237937600344522160e+00
1.502475771394192083e+00
1.408099373809242660e+00
1.798775370747035529e+00
1.785390499301730438e+00
1.114623154961468021e+00
